4	1	20200114065033	1	4	16513214504700	366	488	0.002	0.014	45,45,48	1280	720	20200114065033
4	0	20200114065033	1	4	16513214504700	388	500	0.002	0.014	45,45,48	1280	720	20200114065033
4	0	20200114065034	1	4	16513214504700	400	520	0.002	0.014	41,45,48	1280	720	20200114065034
4	0	20200114065034	1	4	16513214504700	405	540	0.002	0.014	45,45,48	1280	720	20200114065034
4	0	20200114065034	1	4	16513214504700	406	600	0.002	0.014	42,45,48	1280	720	20200114065034
4	-1	20200114065035	1	4	16513214504700	399	612	0.002	0.014	45,45,48	1280	720	20200114065035
4	1	20200114065035	3	4	16513214504700	0.38	0.461	0.006	0.031	45,45,48	1280	720	20200114065035
4	-1	20200114065035	3	4	16513214504700	0.38	0.461	0.006	0.031	45,45,48	1280	720	20200114065036
4	1	20200114065036	4	4	16513214504700	0.366	0.367	0.003	0.011	45,45,48	1280	720	20200114065037
4	0	20200114065037	4	4	16513214504700	0.366	0.367	0.003	0.011	45,45,48	1280	720	20200114065037
4	0	20200114065037	4	4	16513214504700	0.366	0.367	0.003	0.011	45,45,48	1280	720	20200114065038
4	0	20200114065038	4	4	16513214504700	0.366	0.367	0.003	0.011	45,45,48	1280	720	20200114065038
4	0	20200114065039	4	4	16513214504700	0.366	0.367	0.003	0.011	45,45,48	1280	720	20200114065039
4	-1	20200114065039	4	4	16513214504700	0.366	0.367	0.003	0.011	45,45,48	1280	720	20200114065039
4	1	20200114065039	9	4	16513214504700	0.366	0.353	0.023	0.044	45,45,48	1280	720	20200114065039
4	0	20200114065040	9	4	16513214504700	0.37	0.357	0.016	0.031	45,45,48	1280	720	20200114065040
4	0	20200114065040	9	4	16513214504700	0.37	0.357	0.016	0.031	45,45,48	1280	720	20200114065040
4	0	20200114065040	9	4	16513214504700	0.37	0.357	0.016	0.031	45,45,48	1280	720	20200114065040
4	0	20200114065040	9	4	16513214504700	0.37	0.357	0.016	0.031	45,45,48	1280	720	20200114065041
4	0	20200114065041	9	4	16513214504700	0.37	0.357	0.016	0.031	45,45,48	1280	720	20200114065041
4	-1	20200114065041	9	4	16513214504700	0.37	0.357	0.016	0.031	45,45,48	1280	720	20200114065041
4	1	20200114065041	10	4	16513214504700	0.428	0.397	0.023	0.042	45,45,48	1280	720	20200114065041
4	0	20200114065041	10	4	16513214504700	0.427	0.397	0.024	0.042	45,45,48	1280	720	20200114065042
4	0	20200114065042	10	4	16513214504700	0.427	0.39	0.024	0.049	45,45,48	1280	720	20200114065042
4	0	20200114065042	10	4	16513214504700	0.427	0.389	0.024	0.05	45,45,48	1280	720	20200114065042
4	0	20200114065042	10	4	16513214504700	0.427	0.394	0.026	0.044	45,45,48	1280	720	20200114065042
4	0	20200114065042	10	4	16513214504700	0.427	0.386	0.026	0.053	45,45,48	1280	720	20200114065042
4	0	20200114065043	10	4	16513214504700	0.43	0.403	0.023	0.036	45,45,48	1280	720	20200114065043
4	0	20200114065043	10	4	16513214504700	0.427	0.397	0.024	0.042	45,45,48	1280	720	20200114065043
4	0	20200114065043	10	4	16513214504700	0.427	0.4	0.024	0.039	45,45,48	1280	720	20200114065043
4	0	20200114065043	10	4	16513214504700	0.427	0.396	0.024	0.043	45,45,48	1280	720	20200114065043
4	0	20200114065043	10	4	16513214504700	0.427	0.383	0.024	0.056	45,45,48	1280	720	20200114065044
4	0	20200114065044	10	4	16513214504700	0.427	0.403	0.024	0.036	45,45,48	1280	720	20200114065044
4	0	20200114065044	10	4	16513214504700	0.427	0.382	0.025	0.057	45,45,48	1280	720	20200114065044
4	0	20200114065044	10	4	16513214504700	0.427	0.394	0.025	0.044	45,45,48	1280	720	20200114065044
4	0	20200114065044	10	4	16513214504700	0.427	0.386	0.025	0.053	45,45,48	1280	720	20200114065044
4	0	20200114065045	10	4	16513214504700	0.427	0.378	0.025	0.061	45,45,48	1280	720	20200114065045
4	0	20200114065045	10	4	16513214504700	0.427	0.382	0.027	0.057	45,45,48	1280	720	20200114065045
4	0	20200114065045	10	4	16513214504700	0.427	0.389	0.026	0.05	45,45,48	1280	720	20200114065045
4	0	20200114065045	10	4	16513214504700	0.427	0.386	0.025	0.053	45,45,48	1280	720	20200114065045
4	0	20200114065045	10	4	16513214504700	0.427	0.386	0.024	0.053	45,45,48	1280	720	20200114065045
4	0	20200114065046	10	4	16513214504700	0.427	0.392	0.024	0.047	45,45,48	1280	720	20200114065046
4	0	20200114065046	10	4	16513214504700	0.427	0.392	0.024	0.047	45,45,48	1280	720	20200114065046
4	0	20200114065046	10	4	16513214504700	0.427	0.389	0.024	0.05	45,45,48	1280	720	20200114065046
4	0	20200114065046	10	4	16513214504700	0.427	0.397	0.024	0.042	45,45,48	1280	720	20200114065046
4	0	20200114065047	10	4	16513214504700	0.427	0.4	0.024	0.039	45,45,48	1280	720	20200114065047
4	0	20200114065047	10	4	16513214504700	0.427	0.389	0.024	0.05	45,45,48	1280	720	20200114065047
4	0	20200114065047	10	4	16513214504700	0.427	0.383	0.026	0.056	45,45,48	1280	720	20200114065047
4	0	20200114065047	10	4	16513214504700	0.427	0.386	0.026	0.053	0,0,0	1280	720	20200114065047
4	0	20200114065047	10	4	16513214504700	0.427	0.383	0.027	0.056	45,45,48	1280	720	20200114065048
4	0	20200114065048	10	4	16513214504700	0.428	0.397	0.023	0.042	45,45,48	1280	720	20200114065048
4	0	20200114065048	10	4	16513214504700	0.427	0.394	0.027	0.044	45,45,48	1280	720	20200114065048
4	0	20200114065048	10	4	16513214504700	0.43	0.392	0.022	0.047	45,45,48	1280	720	20200114065048
4	0	20200114065048	10	4	16513214504700	0.43	0.378	0.022	0.061	45,45,48	1280	720	20200114065048
4	0	20200114065049	10	4	16513214504700	0.428	0.403	0.023	0.036	45,45,48	1280	720	20200114065049
4	0	20200114065049	10	4	16513214504700	0.428	0.381	0.023	0.058	45,45,48	1280	720	20200114065049
4	0	20200114065049	10	4	16513214504700	0.428	0.386	0.022	0.053	45,45,48	1280	720	20200114065049
4	0	20200114065049	10	4	16513214504700	0.427	0.383	0.024	0.056	45,45,48	1280	720	20200114065049
4	0	20200114065050	10	4	16513214504700	0.427	0.386	0.024	0.053	45,45,48	1280	720	20200114065050
4	0	20200114065050	10	4	16513214504700	0.427	0.389	0.024	0.05	45,45,48	1280	720	20200114065050
4	0	20200114065050	10	4	16513214504700	0.427	0.392	0.024	0.047	0,0,0	1280	720	20200114065050
4	0	20200114065050	10	4	16513214504700	0.427	0.394	0.024	0.044	0,0,0	1280	720	20200114065050
4	0	20200114065051	10	4	16513214504700	0.427	0.383	0.024	0.056	0,0,0	1280	720	20200114065051
4	0	20200114065051	10	4	16513214504700	0.427	0.389	0.026	0.05	0,0,0	1280	720	20200114065051
4	0	20200114065051	10	4	16513214504700	0.427	0.383	0.026	0.056	0,0,0	1280	720	20200114065051
4	0	20200114065051	10	4	16513214504700	0.428	0.392	0.023	0.047	0,0,0	1280	720	20200114065051
4	0	20200114065051	10	4	16513214504700	0.43	0.394	0.022	0.044	0,0,0	1280	720	20200114065051
4	0	20200114065052	10	4	16513214504700	0.427	0.372	0.024	0.067	45,45,48	1280	720	20200114065052
4	0	20200114065052	10	4	16513214504700	0.427	0.4	0.024	0.039	45,45,48	1280	720	20200114065052
4	0	20200114065052	10	4	16513214504700	0.427	0.383	0.023	0.056	45,45,48	1280	720	20200114065052
4	0	20200114065052	10	4	16513214504700	0.427	0.392	0.024	0.047	45,45,48	1280	720	20200114065052
4	0	20200114065053	10	4	16513214504700	0.431	0.392	0.019	0.047	45,45,48	1280	720	20200114065053
4	0	20200114065053	10	4	16513214504700	0.427	0.394	0.023	0.044	45,45,48	1280	720	20200114065053
4	0	20200114065053	10	4	16513214504700	0.427	0.394	0.024	0.044	45,45,48	1280	720	20200114065053
4	0	20200114065053	10	4	16513214504700	0.428	0.397	0.023	0.042	45,45,48	1280	720	20200114065053
4	0	20200114065053	10	4	16513214504700	0.43	0.394	0.022	0.044	45,45,48	1280	720	20200114065053
4	0	20200114065054	10	4	16513214504700	0.43	0.394	0.022	0.044	45,45,48	1280	720	20200114065054
4	0	20200114065054	10	4	16513214504700	0.427	0.394	0.025	0.044	45,45,48	1280	720	20200114065054
4	0	20200114065054	10	4	16513214504700	0.427	0.394	0.024	0.044	45,45,48	1280	720	20200114065054
4	0	20200114065054	10	4	16513214504700	0.427	0.397	0.024	0.042	45,45,48	1280	720	20200114065054
4	0	20200114065055	10	4	16513214504700	0.428	0.381	0.023	0.058	45,45,48	1280	720	20200114065055
4	0	20200114065055	10	4	16513214504700	0.428	0.394	0.023	0.044	45,45,48	1280	720	20200114065055
4	0	20200114065055	10	4	16513214504700	0.427	0.389	0.025	0.05	45,45,48	1280	720	20200114065055
4	0	20200114065055	10	4	16513214504700	0.427	0.383	0.025	0.056	45,45,48	1280	720	20200114065055
4	0	20200114065055	10	4	16513214504700	0.431	0.39	0.02	0.051	45,45,48	1280	720	20200114065055
4	0	20200114065056	10	4	16513214504700	0.431	0.39	0.022	0.051	45,45,48	1280	720	20200114065056
4	0	20200114065056	10	4	16513214504700	0.427	0.392	0.024	0.047	45,45,48	1280	720	20200114065056
4	0	20200114065056	10	4	16513214504700	0.427	0.383	0.026	0.056	45,45,48	1280	720	20200114065056
4	0	20200114065056	10	4	16513214504700	0.428	0.386	0.025	0.053	45,45,48	1280	720	20200114065056
4	0	20200114065057	10	4	16513214504700	0.428	0.386	0.025	0.053	45,45,48	1280	720	20200114065057
4	0	20200114065057	10	4	16513214504700	0.427	0.381	0.024	0.058	45,45,48	1280	720	20200114065057
4	0	20200114065057	10	4	16513214504700	0.427	0.383	0.026	0.058	45,45,48	1280	720	20200114065057
4	0	20200114065057	10	4	16513214504700	0.428	0.383	0.025	0.058	45,45,48	1280	720	20200114065057
4	0	20200114065057	10	4	16513214504700	0.43	0.394	0.022	0.047	45,45,48	1280	720	20200114065058
4	0	20200114065058	10	4	16513214504700	0.43	0.389	0.023	0.053	45,45,48	1280	720	20200114065058
4	0	20200114065058	10	4	16513214504700	0.427	0.386	0.027	0.053	45,45,48	1280	720	20200114065058
4	0	20200114065058	10	4	16513214504700	0.428	0.386	0.023	0.053	45,45,48	1280	720	20200114065058
4	0	20200114065058	10	4	16513214504700	0.427	0.392	0.027	0.047	45,45,48	1280	720	20200114065058
4	0	20200114065059	10	4	16513214504700	0.43	0.389	0.022	0.05	45,45,48	1280	720	20200114065059
4	0	20200114065059	10	4	16513214504700	0.436	0.4	0.016	0.039	45,45,48	1280	720	20200114065059
4	0	20200114065059	10	4	16513214504700	0.427	0.389	0.027	0.05	45,45,48	1280	720	20200114065059
4	0	20200114065059	10	4	16513214504700	0.427	0.4	0.025	0.039	45,45,48	1280	720	20200114065059
4	0	20200114065100	10	4	16513214504700	0.427	0.392	0.026	0.047	45,45,48	1280	720	20200114065100
4	0	20200114065100	10	4	16513214504700	0.428	0.397	0.025	0.042	45,45,48	1280	720	20200114065100
4	0	20200114065100	10	4	16513214504700	0.427	0.392	0.024	0.05	45,45,48	1280	720	20200114065100
4	0	20200114065100	10	4	16513214504700	0.427	0.397	0.024	0.042	45,45,48	1280	720	20200114065100
4	0	20200114065100	10	4	16513214504700	0.428	0.397	0.023	0.042	45,45,48	1280	720	20200114065100
4	0	20200114065101	10	4	16513214504700	0.431	0.396	0.02	0.043	45,45,48	1280	720	20200114065101
4	0	20200114065101	10	4	16513214504700	0.429	0.389	0.024	0.05	45,45,48	1280	720	20200114065101
4	0	20200114065101	10	4	16513214504700	0.428	0.403	0.025	0.036	45,45,48	1280	720	20200114065101
4	0	20200114065101	10	4	16513214504700	0.431	0.389	0.022	0.053	45,45,48	1280	720	20200114065101
4	0	20200114065102	10	4	16513214504700	0.431	0.397	0.022	0.042	45,45,48	1280	720	20200114065102
4	0	20200114065102	10	4	16513214504700	0.431	0.396	0.02	0.043	45,45,48	1280	720	20200114065102
4	0	20200114065102	10	4	16513214504700	0.43	0.386	0.023	0.053	45,45,48	1280	720	20200114065102
4	0	20200114065102	10	4	16513214504700	0.43	0.386	0.023	0.053	45,45,48	1280	720	20200114065102
4	0	20200114065102	10	4	16513214504700	0.43	0.389	0.022	0.05	45,45,48	1280	720	20200114065102
4	0	20200114065103	10	4	16513214504700	0.434	0.4	0.019	0.039	45,45,48	1280	720	20200114065103
4	0	20200114065103	10	4	16513214504700	0.431	0.383	0.022	0.056	45,45,48	1280	720	20200114065103
4	0	20200114065103	10	4	16513214504700	0.433	0.386	0.023	0.053	45,45,48	1280	720	20200114065103
4	0	20200114065103	10	4	16513214504700	0.431	0.381	0.022	0.058	45,45,48	1280	720	20200114065103
4	0	20200114065104	10	4	16513214504700	0.428	0.383	0.027	0.056	45,45,48	1280	720	20200114065104
4	0	20200114065104	10	4	16513214504700	0.43	0.4	0.023	0.042	45,45,48	1280	720	20200114065104
4	0	20200114065104	10	4	16513214504700	0.428	0.397	0.023	0.042	45,45,48	1280	720	20200114065104
4	0	20200114065104	10	4	16513214504700	0.431	0.394	0.022	0.044	45,45,48	1280	720	20200114065104
4	0	20200114065105	10	4	16513214504700	0.43	0.392	0.023	0.05	45,45,48	1280	720	20200114065105
4	0	20200114065105	10	4	16513214504700	0.431	0.392	0.02	0.047	45,45,48	1280	720	20200114065105
4	0	20200114065105	10	4	16513214504700	0.428	0.386	0.027	0.053	45,45,48	1280	720	20200114065105
4	0	20200114065105	10	4	16513214504700	0.434	0.392	0.019	0.047	45,45,48	1280	720	20200114065105
4	0	20200114065105	10	4	16513214504700	0.433	0.392	0.02	0.047	45,45,48	1280	720	20200114065106
4	0	20200114065106	10	4	16513214504700	0.433	0.4	0.02	0.039	45,45,48	1280	720	20200114065106
4	0	20200114065106	10	4	16513214504700	0.428	0.383	0.023	0.056	45,45,48	1280	720	20200114065106
4	0	20200114065106	10	4	16513214504700	0.431	0.383	0.022	0.056	45,45,48	1280	720	20200114065106
4	0	20200114065106	10	4	16513214504700	0.431	0.397	0.022	0.044	45,45,48	1280	720	20200114065106
4	0	20200114065107	10	4	16513214504700	0.428	0.381	0.022	0.058	45,45,48	1280	720	20200114065107
4	0	20200114065107	10	4	16513214504700	0.428	0.386	0.023	0.053	45,45,48	1280	720	20200114065107
4	0	20200114065107	10	4	16513214504700	0.428	0.383	0.025	0.056	45,45,48	1280	720	20200114065107
4	0	20200114065107	10	4	16513214504700	0.428	0.381	0.023	0.058	45,45,48	1280	720	20200114065107
4	0	20200114065108	10	4	16513214504700	0.428	0.383	0.027	0.058	45,45,48	1280	720	20200114065108
4	0	20200114065108	10	4	16513214504700	0.427	0.403	0.024	0.036	45,45,48	1280	720	20200114065108
4	0	20200114065108	10	4	16513214504700	0.427	0.394	0.028	0.044	45,45,48	1280	720	20200114065108
4	0	20200114065108	10	4	16513214504700	0.427	0.386	0.025	0.053	45,45,48	1280	720	20200114065108
4	0	20200114065108	10	4	16513214504700	0.427	0.397	0.023	0.042	45,45,48	1280	720	20200114065108
4	0	20200114065109	10	4	16513214504700	0.427	0.394	0.023	0.044	45,45,48	1280	720	20200114065109
4	0	20200114065109	10	4	16513214504700	0.431	0.386	0.02	0.053	45,45,48	1280	720	20200114065109
4	0	20200114065109	10	4	16513214504700	0.43	0.383	0.02	0.056	45,45,48	1280	720	20200114065109
4	0	20200114065109	10	4	16513214504700	0.428	0.386	0.022	0.053	45,45,48	1280	720	20200114065109
4	0	20200114065110	10	4	16513214504700	0.43	0.397	0.02	0.042	45,45,48	1280	720	20200114065110
4	0	20200114065110	10	4	16513214504700	0.431	0.378	0.019	0.061	45,45,48	1280	720	20200114065110
4	0	20200114065110	10	4	16513214504700	0.431	0.4	0.019	0.039	45,45,48	1280	720	20200114065110
4	0	20200114065110	10	4	16513214504700	0.43	0.392	0.02	0.047	45,45,48	1280	720	20200114065110
4	0	20200114065110	10	4	16513214504700	0.428	0.389	0.022	0.05	45,45,48	1280	720	20200114065110
4	0	20200114065111	10	4	16513214504700	0.431	0.381	0.02	0.058	45,45,48	1280	720	20200114065111
4	0	20200114065111	10	4	16513214504700	0.43	0.386	0.02	0.053	45,45,48	1280	720	20200114065111
4	0	20200114065111	10	4	16513214504700	0.428	0.4	0.022	0.039	45,45,48	1280	720	20200114065111
4	0	20200114065111	10	4	16513214504700	0.431	0.386	0.02	0.053	45,45,48	1280	720	20200114065111
4	0	20200114065112	10	4	16513214504700	0.431	0.403	0.02	0.036	45,45,48	1280	720	20200114065112
4	0	20200114065112	10	4	16513214504700	0.433	0.392	0.017	0.047	45,45,48	1280	720	20200114065112
4	0	20200114065112	10	4	16513214504700	0.431	0.4	0.019	0.039	45,45,48	1280	720	20200114065112
4	0	20200114065112	10	4	16513214504700	0.431	0.383	0.02	0.056	45,45,48	1280	720	20200114065112
4	0	20200114065112	10	4	16513214504700	0.43	0.392	0.022	0.047	45,45,48	1280	720	20200114065113
4	0	20200114065113	10	4	16513214504700	0.427	0.389	0.023	0.05	45,45,48	1280	720	20200114065113
4	0	20200114065113	10	4	16513214504700	0.427	0.396	0.023	0.043	45,45,48	1280	720	20200114065113
4	0	20200114065113	10	4	16513214504700	0.427	0.396	0.024	0.043	45,45,48	1280	720	20200114065113
4	0	20200114065113	10	4	16513214504700	0.427	0.397	0.025	0.042	45,45,48	1280	720	20200114065113
4	0	20200114065114	10	4	16513214504700	0.427	0.386	0.022	0.053	45,45,48	1280	720	20200114065114
4	0	20200114065114	10	4	16513214504700	0.428	0.403	0.022	0.036	45,45,48	1280	720	20200114065114
4	0	20200114065114	10	4	16513214504700	0.426	0.403	0.02	0.036	45,45,48	1280	720	20200114065114
4	0	20200114065114	10	4	16513214504700	0.426	0.386	0.021	0.053	45,45,48	1280	720	20200114065114
4	0	20200114065114	10	4	16513214504700	0.428	0.383	0.022	0.056	45,45,48	1280	720	20200114065114
4	0	20200114065115	10	4	16513214504700	0.427	0.389	0.02	0.05	45,45,48	1280	720	20200114065115
4	0	20200114065115	10	4	16513214504700	0.427	0.406	0.023	0.033	45,45,48	1280	720	20200114065115
4	0	20200114065115	10	4	16513214504700	0.427	0.383	0.023	0.056	45,45,48	1280	720	20200114065115
4	0	20200114065115	10	4	16513214504700	0.427	0.389	0.023	0.05	45,45,48	1280	720	20200114065115
4	0	20200114065116	10	4	16513214504700	0.431	0.389	0.02	0.05	45,45,48	1280	720	20200114065116
4	0	20200114065116	10	4	16513214504700	0.433	0.378	0.019	0.061	45,45,48	1280	720	20200114065116
4	0	20200114065116	10	4	16513214504700	0.431	0.411	0.02	0.028	45,45,48	1280	720	20200114065116
4	0	20200114065116	10	4	16513214504700	0.433	0.392	0.019	0.047	45,45,48	1280	720	20200114065116
4	0	20200114065116	10	4	16513214504700	0.427	0.392	0.023	0.047	45,45,48	1280	720	20200114065116
4	0	20200114065117	10	4	16513214504700	0.43	0.383	0.022	0.056	45,45,48	1280	720	20200114065117
4	0	20200114065117	10	4	16513214504700	0.433	0.383	0.017	0.056	45,45,48	1280	720	20200114065117
4	0	20200114065117	10	4	16513214504700	0.428	0.383	0.023	0.056	45,45,48	1280	720	20200114065117
4	0	20200114065117	10	4	16513214504700	0.43	0.392	0.022	0.047	45,45,48	1280	720	20200114065117
4	0	20200114065118	10	4	16513214504700	0.431	0.403	0.019	0.036	45,45,48	1280	720	20200114065118
4	0	20200114065118	10	4	16513214504700	0.431	0.392	0.019	0.047	45,45,48	1280	720	20200114065118
4	0	20200114065118	10	4	16513214504700	0.428	0.4	0.025	0.039	45,45,48	1280	720	20200114065118
4	0	20200114065118	10	4	16513214504700	0.433	0.396	0.02	0.043	45,45,48	1280	720	20200114065118
4	0	20200114065118	10	4	16513214504700	0.431	0.396	0.023	0.043	45,45,48	1280	720	20200114065118
4	0	20200114065119	10	4	16513214504700	0.433	0.394	0.022	0.047	45,45,48	1280	720	20200114065119
4	0	20200114065119	10	4	16513214504700	0.434	0.4	0.017	0.039	45,45,48	1280	720	20200114065119
4	0	20200114065119	10	4	16513214504700	0.437	0.387	0.018	0.051	45,45,48	1280	720	20200114065119
4	0	20200114065119	10	4	16513214504700	0.433	0.4	0.019	0.039	45,45,48	1280	720	20200114065119
4	0	20200114065120	10	4	16513214504700	0.436	0.392	0.017	0.047	45,45,48	1280	720	20200114065120
4	0	20200114065120	10	4	16513214504700	0.434	0.392	0.019	0.047	45,45,48	1280	720	20200114065120
4	0	20200114065120	10	4	16513214504700	0.433	0.394	0.023	0.044	45,45,48	1280	720	20200114065120
4	0	20200114065120	10	4	16513214504700	0.434	0.408	0.017	0.031	45,45,48	1280	720	20200114065120
4	0	20200114065120	10	4	16513214504700	0.433	0.406	0.019	0.033	45,45,48	1280	720	20200114065120
4	0	20200114065121	10	4	16513214504700	0.433	0.389	0.02	0.05	45,45,48	1280	720	20200114065121
4	0	20200114065121	10	4	16513214504700	0.436	0.4	0.016	0.039	45,45,48	1280	720	20200114065121
4	0	20200114065121	10	4	16513214504700	0.434	0.383	0.022	0.056	45,45,48	1280	720	20200114065121
4	0	20200114065121	10	4	16513214504700	0.433	0.392	0.022	0.047	45,45,48	1280	720	20200114065121
4	0	20200114065122	10	4	16513214504700	0.438	0.389	0.014	0.05	45,45,48	1280	720	20200114065122
4	0	20200114065122	10	4	16513214504700	0.438	0.393	0.014	0.046	45,45,48	1280	720	20200114065122
4	0	20200114065122	10	4	16513214504700	0.434	0.403	0.016	0.036	45,45,48	1280	720	20200114065122
4	0	20200114065122	10	4	16513214504700	0.437	0.383	0.013	0.056	45,45,48	1280	720	20200114065122
4	0	20200114065122	10	4	16513214504700	0.436	0.403	0.014	0.036	45,45,48	1280	720	20200114065122
4	0	20200114065123	10	4	16513214504700	0.433	0.403	0.017	0.036	45,45,48	1280	720	20200114065123
4	0	20200114065123	10	4	16513214504700	0.434	0.417	0.016	0.022	45,45,48	1280	720	20200114065123
4	0	20200114065123	10	4	16513214504700	0.434	0.383	0.014	0.056	45,45,48	1280	720	20200114065123
4	0	20200114065123	10	4	16513214504700	0.434	0.394	0.013	0.044	45,45,48	1280	720	20200114065123
4	0	20200114065123	10	4	16513214504700	0.433	0.4	0.017	0.039	45,45,48	1280	720	20200114065124
4	0	20200114065124	10	4	16513214504700	0.434	0.4	0.017	0.039	45,45,48	1280	720	20200114065124
4	0	20200114065124	10	4	16513214504700	0.434	0.389	0.016	0.05	45,45,48	1280	720	20200114065124
4	0	20200114065124	10	4	16513214504700	0.436	0.4	0.014	0.039	45,45,48	1280	720	20200114065124
4	0	20200114065124	10	4	16513214504700	0.438	0.39	0.011	0.049	45,45,48	1280	720	20200114065124
4	0	20200114065125	10	4	16513214504700	0.431	0.4	0.016	0.039	45,45,48	1280	720	20200114065125
4	0	20200114065125	10	4	16513214504700	0.431	0.403	0.016	0.036	45,45,48	1280	720	20200114065125
4	0	20200114065125	10	4	16513214504700	0.434	0.4	0.011	0.039	45,45,48	1280	720	20200114065125
4	0	20200114065125	10	4	16513214504700	0.43	0.406	0.015	0.033	45,45,48	1280	720	20200114065125
4	0	20200114065125	10	4	16513214504700	0.433	0.4	0.013	0.039	45,45,48	1280	720	20200114065125
4	0	20200114065126	10	4	16513214504700	0.433	0.396	0.011	0.043	45,45,48	1280	720	20200114065126
4	0	20200114065126	10	4	16513214504700	0.433	0.4	0.011	0.039	45,45,48	1280	720	20200114065126
4	0	20200114065126	10	4	16513214504700	0.431	0.393	0.013	0.046	45,45,48	1280	720	20200114065126
4	0	20200114065126	10	4	16513214504700	0.431	0.394	0.013	0.044	45,45,48	1280	720	20200114065126
4	0	20200114065127	10	4	16513214504700	0.43	0.406	0.013	0.033	45,45,48	1280	720	20200114065127
4	0	20200114065127	10	4	16513214504700	0.43	0.389	0.012	0.05	45,45,48	1280	720	20200114065127
4	0	20200114065127	10	4	16513214504700	0.43	0.403	0.013	0.036	45,45,48	1280	720	20200114065127
4	0	20200114065127	10	4	16513214504700	0.43	0.396	0.013	0.043	45,45,48	1280	720	20200114065127
4	0	20200114065127	10	4	16513214504700	0.43	0.408	0.014	0.031	45,45,48	1280	720	20200114065127
4	0	20200114065128	10	4	16513214504700	0.429	0.417	0.015	0.022	45,45,48	1280	720	20200114065128
4	0	20200114065128	10	4	16513214504700	0.428	0.399	0.016	0.04	45,45,48	1280	720	20200114065128
4	0	20200114065128	10	4	16513214504700	0.43	0.414	0.014	0.025	45,45,48	1280	720	20200114065128
4	0	20200114065128	10	4	16513214504700	0.433	0.406	0.011	0.033	45,45,48	1280	720	20200114065128
4	0	20200114065129	10	4	16513214504700	0.43	0.4	0.014	0.039	45,45,48	1280	720	20200114065129
4	0	20200114065129	10	4	16513214504700	0.434	0.406	0.009	0.033	45,45,48	1280	720	20200114065129
4	0	20200114065129	10	4	16513214504700	0.433	0.406	0.011	0.033	45,45,48	1280	720	20200114065129
4	0	20200114065129	10	4	16513214504700	0.433	0.408	0.011	0.031	45,45,48	1280	720	20200114065129
4	0	20200114065129	10	4	16513214504700	0.434	0.397	0.011	0.042	45,45,48	1280	720	20200114065129
4	0	20200114065130	10	4	16513214504700	0.434	0.4	0.011	0.039	45,45,48	1280	720	20200114065130
4	0	20200114065130	10	4	16513214504700	0.436	0.417	0.011	0.022	45,45,48	1280	720	20200114065130
4	0	20200114065130	10	4	16513214504700	0.438	0.397	0.013	0.042	45,45,48	1280	720	20200114065130
4	0	20200114065130	10	4	16513214504700	0.436	0.403	0.014	0.036	45,45,48	1280	720	20200114065130
4	0	20200114065131	10	4	16513214504700	0.436	0.392	0.014	0.047	45,45,48	1280	720	20200114065131
4	0	20200114065131	10	4	16513214504700	0.435	0.383	0.015	0.056	45,45,48	1280	720	20200114065131
4	0	20200114065131	10	4	16513214504700	0.435	0.392	0.015	0.047	45,45,48	1280	720	20200114065131
4	0	20200114065131	10	4	16513214504700	0.438	0.4	0.013	0.039	45,45,48	1280	720	20200114065131
4	0	20200114065131	10	4	16513214504700	0.438	0.4	0.013	0.039	45,45,48	1280	720	20200114065131
4	0	20200114065132	10	4	16513214504700	0.436	0.4	0.014	0.039	45,45,48	1280	720	20200114065132
4	0	20200114065132	10	4	16513214504700	0.436	0.4	0.014	0.039	45,45,48	1280	720	20200114065132
4	0	20200114065132	10	4	16513214504700	0.438	0.411	0.008	0.028	45,45,48	1280	720	20200114065132
4	0	20200114065132	10	4	16513214504700	0.438	0.389	0.009	0.05	45,45,48	1280	720	20200114065132
4	0	20200114065133	10	4	16513214504700	0.434	0.4	0.014	0.039	45,45,48	1280	720	20200114065133
4	0	20200114065133	10	4	16513214504700	0.433	0.392	0.014	0.047	45,45,48	1280	720	20200114065133
4	0	20200114065133	10	4	16513214504700	0.436	0.392	0.011	0.047	45,45,48	1280	720	20200114065133
4	0	20200114065133	10	4	16513214504700	0.436	0.392	0.011	0.047	45,45,48	1280	720	20200114065133
4	0	20200114065133	10	4	16513214504700	0.433	0.4	0.017	0.039	45,45,48	1280	720	20200114065133
4	0	20200114065134	10	4	16513214504700	0.436	0.417	0.014	0.022	45,45,48	1280	720	20200114065134
4	0	20200114065134	10	4	16513214504700	0.436	0.392	0.016	0.047	45,45,48	1280	720	20200114065134
4	0	20200114065134	10	4	16513214504700	0.434	0.408	0.016	0.031	45,45,48	1280	720	20200114065134
4	0	20200114065134	10	4	16513214504700	0.436	0.396	0.014	0.043	45,45,48	1280	720	20200114065134
4	0	20200114065135	10	4	16513214504700	0.434	0.411	0.013	0.028	45,45,48	1280	720	20200114065135
4	0	20200114065135	10	4	16513214504700	0.434	0.406	0.016	0.033	45,45,48	1280	720	20200114065135
4	0	20200114065135	10	4	16513214504700	0.433	0.392	0.014	0.047	45,45,48	1280	720	20200114065135
4	0	20200114065135	10	4	16513214504700	0.433	0.414	0.013	0.025	45,45,48	1280	720	20200114065135
4	0	20200114065135	10	4	16513214504700	0.433	0.4	0.017	0.039	45,45,48	1280	720	20200114065135
4	0	20200114065136	10	4	16513214504700	0.431	0.422	0.016	0.017	45,45,48	1280	720	20200114065136
4	0	20200114065136	10	4	16513214504700	0.433	0.406	0.013	0.033	45,45,48	1280	720	20200114065136
4	0	20200114065136	10	4	16513214504700	0.433	0.414	0.013	0.025	45,45,48	1280	720	20200114065136
4	0	20200114065136	10	4	16513214504700	0.433	0.4	0.011	0.039	45,45,48	1280	720	20200114065136
4	0	20200114065136	10	4	16513214504700	0.431	0.408	0.013	0.031	45,45,48	1280	720	20200114065137
4	0	20200114065137	10	4	16513214504700	0.433	0.4	0.011	0.039	45,45,48	1280	720	20200114065137
4	0	20200114065137	10	4	16513214504700	0.433	0.422	0.013	0.017	45,45,48	1280	720	20200114065137
4	0	20200114065137	10	4	16513214504700	0.434	0.411	0.011	0.028	45,45,48	1280	720	20200114065137
4	0	20200114065137	10	4	16513214504700	0.436	0.397	0.009	0.042	45,45,48	1280	720	20200114065137
4	0	20200114065138	10	4	16513214504700	0.436	0.417	0.016	0.022	45,45,48	1280	720	20200114065138
4	0	20200114065138	10	4	16513214504700	0.434	0.411	0.016	0.028	45,45,48	1280	720	20200114065138
4	0	20200114065138	10	4	16513214504700	0.436	0.414	0.008	0.025	45,45,48	1280	720	20200114065138
4	0	20200114065138	10	4	16513214504700	0.431	0.417	0.012	0.022	45,45,48	1280	720	20200114065138
4	0	20200114065138	10	4	16513214504700	0.431	0.417	0.013	0.022	45,45,48	1280	720	20200114065138
4	0	20200114065139	10	4	16513214504700	0.431	0.411	0.013	0.028	45,45,48	1280	720	20200114065139
4	0	20200114065139	10	4	16513214504700	0.431	0.422	0.011	0.017	45,45,48	1280	720	20200114065139
4	0	20200114065139	10	4	16513214504700	0.431	0.417	0.012	0.022	45,45,48	1280	720	20200114065139
4	0	20200114065139	10	4	16513214504700	0.431	0.417	0.013	0.022	45,45,48	1280	720	20200114065139
4	0	20200114065140	10	4	16513214504700	0.433	0.406	0.009	0.033	45,45,48	1280	720	20200114065140
4	0	20200114065140	10	4	16513214504700	0.434	0.411	0.009	0.028	45,45,48	1280	720	20200114065140
4	0	20200114065140	10	4	16513214504700	0.434	0.397	0.009	0.042	45,45,48	1280	720	20200114065140
4	0	20200114065140	10	4	16513214504700	0.436	0.394	0.008	0.044	45,45,48	1280	720	20200114065140
4	0	20200114065140	10	4	16513214504700	0.436	0.403	0.011	0.036	45,45,48	1280	720	20200114065140
4	0	20200114065141	10	4	16513214504700	0.436	0.397	0.011	0.042	45,45,48	1280	720	20200114065141
4	0	20200114065141	10	4	16513214504700	0.436	0.411	0.009	0.028	45,45,48	1280	720	20200114065141
4	0	20200114065141	10	4	16513214504700	0.436	0.403	0.013	0.036	45,45,48	1280	720	20200114065141
4	0	20200114065141	10	4	16513214504700	0.434	0.417	0.014	0.022	45,45,48	1280	720	20200114065141
4	0	20200114065142	10	4	16513214504700	0.434	0.419	0.014	0.019	45,45,48	1280	720	20200114065142
4	0	20200114065142	10	4	16513214504700	0.434	0.419	0.016	0.019	45,45,48	1280	720	20200114065142
4	0	20200114065142	10	4	16513214504700	0.433	0.408	0.013	0.031	45,45,48	1280	720	20200114065142
4	0	20200114065142	10	4	16513214504700	0.436	0.422	0.008	0.017	45,45,48	1280	720	20200114065142
4	0	20200114065142	10	4	16513214504700	0.433	0.414	0.012	0.025	45,45,48	1280	720	20200114065142
4	0	20200114065143	10	4	16513214504700	0.431	0.417	0.013	0.022	45,45,48	1280	720	20200114065143
4	0	20200114065143	10	4	16513214504700	0.434	0.411	0.013	0.028	45,45,48	1280	720	20200114065143
4	0	20200114065143	10	4	16513214504700	0.434	0.417	0.009	0.022	45,45,48	1280	720	20200114065143
4	0	20200114065143	10	4	16513214504700	0.433	0.411	0.011	0.028	45,45,48	1280	720	20200114065143
4	0	20200114065144	10	4	16513214504700	0.434	0.411	0.009	0.028	45,45,48	1280	720	20200114065144
4	0	20200114065144	10	4	16513214504700	0.436	0.411	0.009	0.028	45,45,48	1280	720	20200114065144
4	0	20200114065144	10	4	16513214504700	0.436	0.403	0.014	0.036	45,45,48	1280	720	20200114065144
4	0	20200114065144	10	4	16513214504700	0.434	0.406	0.016	0.033	45,45,48	1280	720	20200114065144
4	0	20200114065144	10	4	16513214504700	0.436	0.422	0.013	0.017	45,45,48	1280	720	20200114065144
4	0	20200114065145	10	4	16513214504700	0.436	0.419	0.009	0.019	45,45,48	1280	720	20200114065145
4	0	20200114065145	10	4	16513214504700	0.434	0.422	0.009	0.017	45,45,48	1280	720	20200114065145
4	0	20200114065145	10	4	16513214504700	0.433	0.419	0.011	0.019	45,45,48	1280	720	20200114065145
4	0	20200114065145	10	4	16513214504700	0.434	0.422	0.009	0.014	45,45,48	1280	720	20200114065145
4	0	20200114065145	10	4	16513214504700	0.434	0.417	0.007	0.022	45,45,48	1280	720	20200114065146
4	0	20200114065146	10	4	16513214504700	0.433	0.411	0.008	0.028	45,45,48	1280	720	20200114065146
4	0	20200114065146	10	4	16513214504700	0.434	0.428	0.006	0.008	45,45,48	1280	720	20200114065146
4	0	20200114065146	10	4	16513214504700	0.431	0.422	0.009	0.017	45,45,48	1280	720	20200114065146
4	0	20200114065146	10	4	16513214504700	0.431	0.422	0.013	0.017	45,45,48	1280	720	20200114065146
4	0	20200114065147	10	4	16513214504700	0.43	0.422	0.011	0.017	45,45,48	1280	720	20200114065147
4	0	20200114065147	10	4	16513214504700	0.433	0.408	0.011	0.031	45,45,48	1280	720	20200114065147
4	0	20200114065147	10	4	16513214504700	0.433	0.41	0.011	0.029	45,45,48	1280	720	20200114065147
4	0	20200114065147	10	4	16513214504700	0.434	0.425	0.007	0.014	45,45,48	1280	720	20200114065147
4	0	20200114065147	10	4	16513214504700	0.431	0.417	0.008	0.019	45,45,48	1280	720	20200114065148
4	0	20200114065148	10	4	16513214504700	0.431	0.419	0.009	0.019	45,45,48	1280	720	20200114065148
4	0	20200114065148	10	4	16513214504700	0.434	0.425	0.003	0.014	45,45,48	1280	720	20200114065148
4	0	20200114065148	10	4	16513214504700	0.431	0.422	0.006	0.017	45,45,48	1280	720	20200114065148
4	0	20200114065148	10	4	16513214504700	0.431	0.422	0.006	0.013	45,45,48	1280	720	20200114065148
4	0	20200114065149	10	4	16513214504700	0.43	0.425	0.011	0.011	45,45,48	1280	720	20200114065149
4	0	20200114065149	10	4	16513214504700	0.43	0.422	0.013	0.017	45,45,48	1280	720	20200114065149
4	0	20200114065149	10	4	16513214504700	0.436	0.425	0.005	0.014	45,45,48	1280	720	20200114065149
4	0	20200114065149	10	4	16513214504700	0.434	0.425	0.008	0.014	45,45,48	1280	720	20200114065149
4	0	20200114065149	10	4	16513214504700	0.433	0.425	0.008	0.014	45,45,48	1280	720	20200114065150
4	0	20200114065150	10	4	16513214504700	0.433	0.425	0.008	0.011	45,45,48	1280	720	20200114065150
4	0	20200114065150	10	4	16513214504700	0.433	0.425	0.008	0.011	45,45,48	1280	720	20200114065150
4	0	20200114065150	10	4	16513214504700	0.434	0.422	0.006	0.014	45,45,48	1280	720	20200114065150
4	0	20200114065150	10	4	16513214504700	0.436	0.424	0.006	0.013	45,45,48	1280	720	20200114065150
4	0	20200114065151	10	4	16513214504700	0.438	0.424	0.006	0.015	45,45,48	1280	720	20200114065151
4	0	20200114065151	10	4	16513214504700	0.436	0.425	0.008	0.014	45,45,48	1280	720	20200114065151
4	0	20200114065151	10	4	16513214504700	0.438	0.425	0.005	0.014	45,45,48	1280	720	20200114065151
4	0	20200114065151	10	4	16513214504700	0.438	0.422	0.005	0.017	45,45,48	1280	720	20200114065151
4	0	20200114065151	10	4	16513214504700	0.436	0.428	0.008	0.011	45,45,48	1280	720	20200114065152
4	0	20200114065152	10	4	16513214504700	0.437	0.425	0.005	0.011	45,45,48	1280	720	20200114065152
4	0	20200114065152	10	4	16513214504700	0.436	0.433	0.006	0.003	45,45,48	1280	720	20200114065152
4	0	20200114065152	10	4	16513214504700	0.436	0.433	0.006	0.003	45,45,48	1280	720	20200114065152
4	0	20200114065152	10	4	16513214504700	0.438	0.428	0.004	0.008	45,45,48	1280	720	20200114065152
4	0	20200114065153	10	4	16513214504700	0.438	0.422	0.005	0.014	45,45,48	1280	720	20200114065153
4	0	20200114065153	10	4	16513214504700	0.438	0.422	0.005	0.014	45,45,48	1280	720	20200114065153
4	0	20200114065153	10	4	16513214504700	0.438	0.422	0.005	0.014	45,45,48	1280	720	20200114065153
4	0	20200114065153	10	4	16513214504700	0.438	0.422	0.005	0.014	45,45,48	1280	720	20200114065153
4	0	20200114065153	10	4	16513214504700	0.438	0.422	0.005	0.014	45,45,48	1280	720	20200114065154
4	0	20200114065154	10	4	16513214504700	0.438	0.422	0.005	0.014	45,45,48	1280	720	20200114065154
4	0	20200114065154	10	4	16513214504700	0.438	0.422	0.005	0.014	45,45,48	1280	720	20200114065154
4	-1	20200114065154	10	4	16513214504700	0.438	0.422	0.005	0.014	45,45,48	1280	720	20200114065154