-1	0	1581299312	0	0	16513214504700	0	0	0	0	183,194,183	1280	720	1581299312	.\image\event_not\1581299312_0_0.png
-1	0	1581299312	0	0	16513214504700	0	0	0	0	184,191,184	1280	720	1581299312	.\image\event_not\1581299312_0_0.png
-1	0	1581299312	0	0	16513214504700	0	0	0	0	187,194,189	1280	720	1581299312	.\image\event_not\1581299312_0_0.png
-1	0	1581299312	0	0	16513214504700	0	0	0	0	188,193,192	1280	720	1581299312	.\image\event_not\1581299312_0_0.png
-1	0	1581299313	0	0	16513214504700	0	0	0	0	188,196,182	1280	720	1581299313	.\image\event_not\1581299313_0_0.png
-1	0	1581299313	0	0	16513214504700	0	0	0	0	188,196,182	1280	720	1581299313	.\image\event_not\1581299313_0_0.png
-1	0	1581299313	0	0	16513214504700	0	0	0	0	188,196,182	1280	720	1581299313	.\image\event_not\1581299313_0_0.png
-1	0	1581299314	0	0	16513214504700	0	0	0	0	186,192,181	1280	720	1581299314	.\image\event_not\1581299314_0_0.png
-1	0	1581299314	0	0	16513214504700	0	0	0	0	185,193,181	1280	720	1581299314	.\image\event_not\1581299314_0_0.png
-1	0	1581299314	0	0	16513214504700	0	0	0	0	185,193,181	1280	720	1581299314	.\image\event_not\1581299314_0_0.png
-1	0	1581299314	0	0	16513214504700	0	0	0	0	187,194,187	1280	720	1581299314	.\image\event_not\1581299314_0_0.png
-1	0	1581299315	0	0	16513214504700	0	0	0	0	187,194,187	1280	720	1581299315	.\image\event_not\1581299315_0_0.png
-1	0	1581299315	0	0	16513214504700	0	0	0	0	187,194,192	1280	720	1581299315	.\image\event_not\1581299315_0_0.png
-1	0	1581299315	0	0	16513214504700	0	0	0	0	185,195,189	1280	720	1581299315	.\image\event_not\1581299315_0_0.png
-1	0	1581299315	0	0	16513214504700	0	0	0	0	186,196,190	1280	720	1581299315	.\image\event_not\1581299315_0_0.png
-1	0	1581299316	0	0	16513214504700	0	0	0	0	186,197,186	1280	720	1581299316	.\image\event_not\1581299316_0_0.png
-1	0	1581299316	0	0	16513214504700	0	0	0	0	187,195,185	1280	720	1581299316	.\image\event_not\1581299316_0_0.png
-1	0	1581299316	0	0	16513214504700	0	0	0	0	187,195,185	1280	720	1581299316	.\image\event_not\1581299316_0_0.png
-1	0	1581299317	0	0	16513214504700	0	0	0	0	187,194,187	1280	720	1581299317	.\image\event_not\1581299317_0_0.png
-1	0	1581299317	0	0	16513214504700	0	0	0	0	185,196,185	1280	720	1581299317	.\image\event_not\1581299317_0_0.png
-1	0	1581299317	0	0	16513214504700	0	0	0	0	187,194,189	1280	720	1581299317	.\image\event_not\1581299317_0_0.png
-1	0	1581299317	0	0	16513214504700	0	0	0	0	187,195,183	1280	720	1581299317	.\image\event_not\1581299317_0_0.png
-1	0	1581299318	0	0	16513214504700	0	0	0	0	185,193,181	1280	720	1581299318	.\image\event_not\1581299318_0_0.png
-1	0	1581299318	0	0	16513214504700	0	0	0	0	185,193,181	1280	720	1581299318	.\image\event_not\1581299318_0_0.png
-1	0	1581299318	0	0	16513214504700	0	0	0	0	185,196,181	1280	720	1581299318	.\image\event_not\1581299318_0_0.png
-1	0	1581299319	0	0	16513214504700	0	0	0	0	187,195,183	1280	720	1581299319	.\image\event_not\1581299319_0_0.png
-1	0	1581299319	0	0	16513214504700	0	0	0	0	188,196,184	1280	720	1581299319	.\image\event_not\1581299319_0_0.png
-1	0	1581299319	0	0	16513214504700	0	0	0	0	188,196,184	1280	720	1581299319	.\image\event_not\1581299319_0_0.png
-1	0	1581299319	0	0	16513214504700	0	0	0	0	188,196,186	1280	720	1581299319	.\image\event_not\1581299319_0_0.png
-1	0	1581299320	0	0	16513214504700	0	0	0	0	188,196,186	1280	720	1581299320	.\image\event_not\1581299320_0_0.png
-1	0	1581299320	0	0	16513214504700	0	0	0	0	188,196,186	1280	720	1581299320	.\image\event_not\1581299320_0_0.png
-1	0	1581299320	0	0	16513214504700	0	0	0	0	189,195,186	1280	720	1581299320	.\image\event_not\1581299320_0_0.png
-1	0	1581299321	0	0	16513214504700	0	0	0	0	189,195,186	1280	720	1581299321	.\image\event_not\1581299321_0_0.png
-1	0	1581299321	0	0	16513214504700	0	0	0	0	188,194,185	1280	720	1581299321	.\image\event_not\1581299321_0_0.png
0	1	1581299321	1	4	16513214504700	66	637	17	28	172,132,109	1280	720	1581299321	.\image\object_event\1581299321_0_0.png
0	1	1581299321	2	4	16513214504700	48	532	10	10	60,43,35	1280	720	1581299321	.\image\object_event\1581299321_1_1.png
0	0	1581299321	1	4	16513214504700	66	637	17	28	172,132,109	1280	720	1581299321	.\image\object_event\1581299321_1_2.png
0	0	1581299321	2	4	16513214504700	48	532	10	10	60,43,35	1280	720	1581299321	.\image\object_event\1581299321_0_1.png
0	0	1581299321	1	4	16513214504700	66	637	17	28	92,104,68	1280	720	1581299321	.\image\object_event\1581299321_0_2.png
0	0	1581299321	2	4	16513214504700	49	529	6	12	58,37,33	1280	720	1581299321	.\image\object_event\1581299321_0_1.png
0	0	1581299321	1	4	16513214504700	66	637	17	28	96,108,70	1280	720	1581299321	.\image\object_event\1581299321_0_2.png
0	0	1581299321	2	4	16513214504700	49	532	6	10	59,44,35	1280	720	1581299321	.\image\object_event\1581299321_0_1.png
0	1	1581299322	3	4	16513214504700	160	622	6	12	168,138,112	1280	720	1581299322	.\image\object_event\1581299321_0_2.png
0	0	1581299322	1	4	16513214504700	66	637	17	28	95,115,70	1280	720	1581299322	.\image\object_event\1581299322_1_3.png
0	0	1581299322	3	4	16513214504700	160	622	6	12	80,95,58	1280	720	1581299322	.\image\object_event\1581299322_0_1.png
0	0	1581299322	2	4	16513214504700	49	532	6	10	58,42,38	1280	720	1581299322	.\image\object_event\1581299322_0_3.png
0	0	1581299322	1	4	16513214504700	66	637	17	28	95,115,70	1280	720	1581299322	.\image\object_event\1581299322_0_2.png
0	0	1581299322	3	4	16513214504700	160	622	6	12	94,111,64	1280	720	1581299322	.\image\object_event\1581299322_0_1.png
0	0	1581299322	2	4	16513214504700	49	532	6	10	62,46,42	1280	720	1581299322	.\image\object_event\1581299322_0_3.png
0	-1	1581299322	1	4	16513214504700	66	637	17	28	97,117,72	1280	720	1581299322	.\image\object_event\1581299322_0_2.png
0	1	1581299323	5	4	16513214504700	215	575	6	17	171,134,110	1280	720	1581299323	.\image\object_event\1581299322_-1_1.png
0	1	1581299323	4	4	16513214504700	221	594	7	4	77,54,43	1280	720	1581299323	.\image\object_event\1581299323_1_5.png
0	1	1581299323	6	4	16513214504700	206	548	2	15	110,83,65	1280	720	1581299323	.\image\object_event\1581299323_1_4.png
0	1	1581299323	7	4	16513214504700	198	481	7	15	73,52,50	1280	720	1581299323	.\image\object_event\1581299323_1_6.png
0	-1	1581299323	2	4	16513214504700	48	532	10	10	59,43,39	1280	720	1581299323	.\image\object_event\1581299323_1_7.png
0	1	1581299323	8	4	16513214504700	221	447	14	22	120,84,76	1280	720	1581299323	.\image\object_event\1581299323_-1_2.png
0	1	1581299323	9	4	16513214504700	217	329	6	10	100,87,82	1280	720	1581299323	.\image\object_event\1581299323_1_8.png
0	-1	1581299323	3	4	16513214504700	160	622	6	12	91,112,62	1280	720	1581299323	.\image\object_event\1581299323_1_9.png
0	1	1581299323	10	4	16513214504700	253	318	7	15	50,29,27	1280	720	1581299323	.\image\object_event\1581299323_-1_3.png
0	1	1581299323	14	4	16513214504700	263	316	8	28	231,219,207	1280	720	1581299323	.\image\object_event\1581299323_1_10.png
0	1	1581299324	13	4	16513214504700	1269	316	8	10	113,79,75	1280	720	1581299324	.\image\object_event\1581299323_1_14.png
0	1	1581299324	11	4	16513214504700	280	555	6	5	161,127,109	1280	720	1581299324	.\image\object_event\1581299324_1_13.png
0	1	1581299324	12	4	16513214504700	226	463	7	2	118,102,96	1280	720	1581299324	.\image\object_event\1581299324_1_11.png
0	1	1581299324	15	4	16513214504700	277	310	7	4	87,77,67	1280	720	1581299324	.\image\object_event\1581299324_1_12.png
0	-1	1581299324	5	4	16513214504700	215	575	6	17	74,103,52	1280	720	1581299324	.\image\object_event\1581299324_1_15.png
0	1	1581299324	16	4	16513214504700	308	519	10	22	196,154,132	1280	720	1581299324	.\image\object_event\1581299324_-1_5.png
0	-1	1581299324	4	4	16513214504700	221	594	7	4	101,108,74	1280	720	1581299324	.\image\object_event\1581299324_1_16.png
0	1	1581299324	17	4	16513214504700	280	334	7	5	64,39,38	1280	720	1581299324	.\image\object_event\1581299324_-1_4.png
0	-1	1581299325	6	4	16513214504700	206	548	2	15	71,91,46	1280	720	1581299325	.\image\object_event\1581299324_1_17.png
0	1	1581299325	18	4	16513214504700	320	396	26	40	135,108,103	1280	720	1581299325	.\image\object_event\1581299325_-1_6.png
0	-1	1581299325	7	4	16513214504700	198	481	7	15	82,66,60	1280	720	1581299325	.\image\object_event\1581299325_1_18.png
0	1	1581299325	19	4	16513214504700	369	512	8	7	182,138,126	1280	720	1581299325	.\image\object_event\1581299325_-1_7.png
0	-1	1581299325	8	4	16513214504700	221	447	14	22	170,167,154	1280	720	1581299325	.\image\object_event\1581299325_1_19.png
0	1	1581299325	21	4	16513214504700	336	344	11	7	117,85,71	1280	720	1581299325	.\image\object_event\1581299325_-1_8.png
0	1	1581299325	20	4	16513214504700	376	509	6	2	168,146,126	1280	720	1581299325	.\image\object_event\1581299325_1_21.png
0	-1	1581299325	10	4	16513214504700	253	318	7	15	61,48,58	1280	720	1581299325	.\image\object_event\1581299325_1_20.png
0	1	1581299326	24	4	16513214504700	1269	316	8	10	171,122,123	1280	720	1581299326	.\image\object_event\1581299325_-1_10.png
0	1	1581299326	22	4	16513214504700	373	396	11	9	133,111,105	1280	720	1581299326	.\image\object_event\1581299326_1_24.png
0	1	1581299326	23	4	16513214504700	389	367	6	7	112,74,76	1280	720	1581299326	.\image\object_event\1581299326_1_22.png
0	1	1581299326	25	4	16513214504700	416	493	10	5	197,160,147	1280	720	1581299326	.\image\object_event\1581299326_1_23.png
0	1	1581299326	27	4	16513214504700	1223	308	3	2	129,89,84	1280	720	1581299326	.\image\object_event\1581299326_1_25.png
0	1	1581299326	26	4	16513214504700	1245	334	6	2	110,78,73	1280	720	1581299326	.\image\object_event\1581299326_1_27.png
0	1	1581299326	28	4	16513214504700	413	434	8	7	60,53,37	1280	720	1581299326	.\image\object_event\1581299326_1_26.png
0	-1	1581299326	9	4	16513214504700	217	329	6	10	162,145,146	1280	720	1581299326	.\image\object_event\1581299326_1_28.png
0	1	1581299326	29	4	16513214504700	437	373	10	13	141,108,97	1280	720	1581299326	.\image\object_event\1581299326_-1_9.png
0	-1	1581299326	14	4	16513214504700	263	316	8	28	199,193,198	1280	720	1581299326	.\image\object_event\1581299326_1_29.png
0	1	1581299327	30	4	16513214504700	454	431	11	13	114,99,79	1280	720	1581299327	.\image\object_event\1581299326_-1_14.png
0	1	1581299327	31	4	16513214504700	440	357	3	2	106,85,72	1280	720	1581299327	.\image\object_event\1581299327_1_30.png
0	-1	1581299327	13	4	16513214504700	1269	316	8	10	143,95,89	1280	720	1581299327	.\image\object_event\1581299327_1_31.png
0	-1	1581299327	11	4	16513214504700	280	555	6	5	71,95,44	1280	720	1581299327	.\image\object_event\1581299327_-1_13.png
0	1	1581299327	33	4	16513214504700	451	305	10	10	123,68,66	1280	720	1581299327	.\image\object_event\1581299327_-1_11.png
0	1	1581299327	32	4	16513214504700	486	427	3	9	101,80,65	1280	720	1581299327	.\image\object_event\1581299327_1_33.png
0	-1	1581299327	12	4	16513214504700	226	463	7	2	118,109,103	1280	720	1581299327	.\image\object_event\1581299327_1_32.png
0	1	1581299327	34	4	16513214504700	467	316	8	12	133,100,100	1280	720	1581299327	.\image\object_event\1581299327_-1_12.png
0	-1	1581299327	15	4	16513214504700	277	310	7	4	88,76,76	1280	720	1581299327	.\image\object_event\1581299327_1_34.png
0	1	1581299327	35	4	16513214504700	491	429	10	5	54,42,14	1280	720	1581299327	.\image\object_event\1581299327_-1_15.png
0	1	1581299328	36	4	16513214504700	480	362	6	2	72,56,43	1280	720	1581299328	.\image\object_event\1581299327_1_35.png
0	-1	1581299328	16	4	16513214504700	308	519	10	22	108,134,80	1280	720	1581299328	.\image\object_event\1581299328_1_36.png
0	1	1581299328	37	4	16513214504700	508	452	7	12	74,49,48	1280	720	1581299328	.\image\object_event\1581299328_-1_16.png
0	1	1581299328	38	4	16513214504700	492	346	6	5	89,69,51	1280	720	1581299328	.\image\object_event\1581299328_1_37.png
0	-1	1581299328	17	4	16513214504700	280	334	7	5	67,44,43	1280	720	1581299328	.\image\object_event\1581299328_1_38.png
0	1	1581299328	40	4	16513214504700	501	352	12	15	158,131,124	1280	720	1581299328	.\image\object_event\1581299328_-1_17.png
0	1	1581299328	39	4	16513214504700	526	401	7	10	184,146,125	1280	720	1581299328	.\image\object_event\1581299328_1_40.png
0	-1	1581299328	18	4	16513214504700	320	396	26	40	120,97,84	1280	720	1581299328	.\image\object_event\1581299328_1_39.png
0	1	1581299328	41	4	16513214504700	536	385	3	13	139,105,83	1280	720	1581299328	.\image\object_event\1581299328_-1_18.png
0	1	1581299328	42	4	16513214504700	1250	333	11	5	102,85,59	1280	720	1581299328	.\image\object_event\1581299328_1_41.png
0	-1	1581299328	19	4	16513214504700	369	512	8	7	95,134,73	1280	720	1581299328	.\image\object_event\1581299328_1_42.png
0	1	1581299328	43	4	16513214504700	540	390	7	22	106,80,57	1280	720	1581299328	.\image\object_event\1581299328_-1_19.png
0	-1	1581299329	21	4	16513214504700	336	344	11	7	117,79,69	1280	720	1581299329	.\image\object_event\1581299328_1_43.png
0	1	1581299329	44	4	16513214504700	550	432	6	7	231,195,177	1280	720	1581299329	.\image\object_event\1581299329_-1_21.png
0	-1	1581299329	20	4	16513214504700	376	509	6	2	70,101,45	1280	720	1581299329	.\image\object_event\1581299329_1_44.png
0	1	1581299329	45	4	16513214504700	514	336	6	5	107,79,66	1280	720	1581299329	.\image\object_event\1581299329_-1_20.png
0	1	1581299329	46	4	16513214504700	221	331	3	4	39,19,10	1280	720	1581299329	.\image\object_event\1581299329_1_45.png
0	1	1581299329	47	4	16513214504700	512	280	3	12	148,96,95	1280	720	1581299329	.\image\object_event\1581299329_1_46.png
0	-1	1581299329	22	4	16513214504700	373	396	11	9	126,106,97	1280	720	1581299329	.\image\object_event\1581299329_1_47.png
0	1	1581299330	48	4	16513214504700	1222	306	20	5	116,82,78	1280	720	1581299330	.\image\object_event\1581299329_-1_22.png
0	1	1581299330	49	4	16513214504700	540	262	6	5	150,121,117	1280	720	1581299330	.\image\object_event\1581299330_1_48.png
0	-1	1581299330	23	4	16513214504700	389	367	6	7	119,62,43	1280	720	1581299330	.\image\object_event\1581299330_1_49.png
0	1	1581299330	50	4	16513214504700	551	254	6	2	62,34,34	1280	720	1581299330	.\image\object_event\1581299330_-1_23.png
0	-1	1581299330	25	4	16513214504700	416	493	10	5	189,180,161	1280	720	1581299330	.\image\object_event\1581299330_1_50.png
0	-1	1581299331	27	4	16513214504700	1223	308	3	2	108,92,75	1280	720	1581299331	.\image\object_event\1581299330_-1_25.png
0	1	1581299331	51	4	16513214504700	578	277	5	7	90,65,64	1280	720	1581299331	.\image\object_event\1581299331_-1_27.png
0	1	1581299331	52	4	16513214504700	220	331	5	9	62,39,38	1280	720	1581299331	.\image\object_event\1581299331_1_51.png
0	-1	1581299331	26	4	16513214504700	1245	334	6	2	110,91,77	1280	720	1581299331	.\image\object_event\1581299331_1_52.png
0	-1	1581299331	28	4	16513214504700	413	434	8	7	61,45,41	1280	720	1581299331	.\image\object_event\1581299331_-1_26.png
0	1	1581299332	53	4	16513214504700	537	324	3	5	114,77,74	1280	720	1581299332	.\image\object_event\1581299331_-1_28.png
0	-1	1581299332	29	4	16513214504700	437	373	10	13	88,79,71	1280	720	1581299332	.\image\object_event\1581299332_1_53.png
0	-1	1581299332	30	4	16513214504700	454	431	11	13	115,99,86	1280	720	1581299332	.\image\object_event\1581299332_-1_29.png
0	-1	1581299332	31	4	16513214504700	440	357	3	2	115,86,66	1280	720	1581299332	.\image\object_event\1581299332_-1_30.png
0	-1	1581299333	33	4	16513214504700	451	305	10	10	112,61,53	1280	720	1581299333	.\image\object_event\1581299332_-1_31.png
0	-1	1581299333	32	4	16513214504700	486	427	3	9	95,77,58	1280	720	1581299333	.\image\object_event\1581299333_-1_33.png
0	-1	1581299333	34	4	16513214504700	467	316	8	12	138,88,75	1280	720	1581299333	.\image\object_event\1581299333_-1_32.png
0	-1	1581299333	35	4	16513214504700	491	429	10	5	66,53,30	1280	720	1581299333	.\image\object_event\1581299333_-1_34.png
0	-1	1581299334	36	4	16513214504700	480	362	6	2	64,46,41	1280	720	1581299334	.\image\object_event\1581299333_-1_35.png
0	-1	1581299334	37	4	16513214504700	508	452	7	12	118,147,94	1280	720	1581299334	.\image\object_event\1581299334_-1_36.png
0	1	1581299334	54	4	16513214504700	282	319	6	10	249,220,214	1280	720	1581299334	.\image\object_event\1581299334_-1_37.png
0	-1	1581299334	38	4	16513214504700	492	346	6	5	91,65,44	1280	720	1581299334	.\image\object_event\1581299334_1_54.png
0	1	1581299335	55	4	16513214504700	590	262	11	28	88,69,73	1280	720	1581299335	.\image\object_event\1581299334_-1_38.png
0	1	1581299335	56	4	16513214504700	1223	308	11	4	90,79,62	1280	720	1581299335	.\image\object_event\1581299335_1_55.png
0	-1	1581299335	40	4	16513214504700	501	352	12	15	128,122,115	1280	720	1581299335	.\image\object_event\1581299335_1_56.png
0	-1	1581299335	39	4	16513214504700	526	401	7	10	101,132,65	1280	720	1581299335	.\image\object_event\1581299335_-1_40.png
0	-1	1581299335	41	4	16513214504700	536	385	3	13	129,138,80	1280	720	1581299335	.\image\object_event\1581299335_-1_39.png
0	-1	1581299336	42	4	16513214504700	1250	333	11	5	102,88,63	1280	720	1581299336	.\image\object_event\1581299335_-1_41.png
0	-1	1581299336	44	4	16513214504700	550	432	6	7	106,138,77	1280	720	1581299336	.\image\object_event\1581299336_-1_42.png
0	-1	1581299336	45	4	16513214504700	514	336	6	5	120,86,66	1280	720	1581299336	.\image\object_event\1581299336_-1_44.png
0	-1	1581299336	46	4	16513214504700	221	331	3	4	29,16,13	1280	720	1581299336	.\image\object_event\1581299336_-1_45.png
0	1	1581299337	57	4	16513214504700	546	270	2	15	107,51,45	1280	720	1581299337	.\image\object_event\1581299336_-1_46.png
0	1	1581299337	60	4	16513214504700	601	272	7	15	127,95,90	1280	720	1581299337	.\image\object_event\1581299337_1_57.png
0	1	1581299337	59	4	16513214504700	614	324	16	7	55,43,43	1280	720	1581299337	.\image\object_event\1581299337_1_60.png
0	1	1581299337	58	4	16513214504700	560	364	6	4	94,65,59	1280	720	1581299337	.\image\object_event\1581299337_1_59.png
0	-1	1581299337	43	4	16513214504700	540	390	7	22	105,138,74	1280	720	1581299337	.\image\object_event\1581299337_1_58.png
0	1	1581299337	62	4	16513214504700	1244	274	3	4	86,66,59	1280	720	1581299337	.\image\object_event\1581299337_-1_43.png
0	1	1581299337	61	4	16513214504700	565	336	6	2	98,59,58	1280	720	1581299337	.\image\object_event\1581299337_1_62.png
0	1	1581299338	65	4	16513214504700	551	334	11	10	121,82,79	1280	720	1581299338	.\image\object_event\1581299337_1_61.png
0	1	1581299338	63	4	16513214504700	558	406	12	10	168,130,111	1280	720	1581299338	.\image\object_event\1581299338_1_65.png
0	1	1581299338	64	4	16513214504700	568	365	10	5	105,80,77	1280	720	1581299338	.\image\object_event\1581299338_1_63.png
0	1	1581299338	67	4	16513214504700	633	339	12	10	180,151,120	1280	720	1581299338	.\image\object_event\1581299338_1_64.png
0	1	1581299338	68	4	16513214504700	532	275	2	12	90,53,52	1280	720	1581299338	.\image\object_event\1581299338_1_67.png
0	1	1581299338	66	4	16513214504700	542	342	6	5	130,98,95	1280	720	1581299338	.\image\object_event\1581299338_1_68.png
0	1	1581299338	69	4	16513214504700	1227	301	21	10	89,80,65	1280	720	1581299338	.\image\object_event\1581299338_1_66.png
0	-1	1581299338	47	4	16513214504700	512	280	3	12	155,97,87	1280	720	1581299338	.\image\object_event\1581299338_1_69.png
0	-1	1581299339	48	4	16513214504700	1222	306	20	5	108,94,80	1280	720	1581299339	.\image\object_event\1581299338_-1_47.png
0	-1	1581299339	49	4	16513214504700	540	262	6	5	104,73,63	1280	720	1581299339	.\image\object_event\1581299339_-1_48.png
0	-1	1581299339	51	4	16513214504700	578	277	5	7	118,72,58	1280	720	1581299339	.\image\object_event\1581299339_-1_49.png
0	-1	1581299339	52	4	16513214504700	220	331	5	9	91,78,75	1280	720	1581299339	.\image\object_event\1581299339_-1_51.png
0	1	1581299339	70	4	16513214504700	565	352	6	12	98,73,72	1280	720	1581299339	.\image\object_event\1581299339_-1_52.png
0	-1	1581299340	53	4	16513214504700	537	324	3	5	55,52,58	1280	720	1581299340	.\image\object_event\1581299339_1_70.png
0	1	1581299340	71	4	16513214504700	524	370	10	12	130,96,92	1280	720	1581299340	.\image\object_event\1581299340_-1_53.png
0	-1	1581299340	54	4	16513214504700	282	319	6	10	234,214,205	1280	720	1581299340	.\image\object_event\1581299340_1_71.png
0	-1	1581299340	55	4	16513214504700	590	262	11	28	101,61,54	1280	720	1581299340	.\image\object_event\1581299340_-1_54.png
0	1	1581299341	72	4	16513214504700	490	457	10	12	185,142,125	1280	720	1581299341	.\image\object_event\1581299340_-1_55.png
0	-1	1581299341	56	4	16513214504700	1223	308	11	4	94,89,77	1280	720	1581299341	.\image\object_event\1581299341_1_72.png
0	1	1581299341	73	4	16513214504700	460	308	10	10	112,64,60	1280	720	1581299341	.\image\object_event\1581299341_-1_56.png
0	1	1581299341	75	4	16513214504700	505	305	14	20	134,83,75	1280	720	1581299341	.\image\object_event\1581299341_1_73.png
0	1	1581299341	74	4	16513214504700	536	331	6	4	95,75,68	1280	720	1581299341	.\image\object_event\1581299341_1_75.png
0	1	1581299342	76	4	16513214504700	445	337	10	10	142,84,72	1280	720	1581299342	.\image\object_event\1581299341_1_74.png
0	1	1581299342	77	4	16513214504700	436	488	17	12	69,50,36	1280	720	1581299342	.\image\object_event\1581299342_1_76.png
0	1	1581299342	78	4	16513214504700	398	375	11	10	106,73,62	1280	720	1581299342	.\image\object_event\1581299342_1_77.png
0	-1	1581299342	57	4	16513214504700	546	270	2	15	107,57,44	1280	720	1581299342	.\image\object_event\1581299342_1_78.png
0	1	1581299342	79	4	16513214504700	368	486	5	15	221,194,178	1280	720	1581299342	.\image\object_event\1581299342_-1_57.png
0	1	1581299343	80	4	16513214504700	349	426	7	10	186,169,161	1280	720	1581299343	.\image\object_event\1581299342_1_79.png
0	1	1581299343	81	4	16513214504700	262	342	10	5	116,76,67	1280	720	1581299343	.\image\object_event\1581299343_1_80.png
0	-1	1581299343	60	4	16513214504700	601	272	7	15	130,99,89	1280	720	1581299343	.\image\object_event\1581299343_1_81.png
0	-1	1581299343	59	4	16513214504700	614	324	16	7	70,67,71	1280	720	1581299343	.\image\object_event\1581299343_-1_60.png
0	1	1581299344	82	4	16513214504700	1244	272	3	2	86,71,60	1280	720	1581299344	.\image\object_event\1581299343_-1_59.png
0	1	1581299344	83	4	16513214504700	253	455	7	12	99,83,70	1280	720	1581299344	.\image\object_event\1581299344_1_82.png
0	-1	1581299344	50	4	16513214504700	551	254	6	2	240,233,236	1280	720	1581299344	.\image\object_event\1581299344_1_83.png
0	1	1581299344	84	4	16513214504700	200	483	8	5	59,36,35	1280	720	1581299344	.\image\object_event\1581299344_-1_50.png
0	-1	1581299345	58	4	16513214504700	560	364	6	4	59,60,63	1280	720	1581299345	.\image\object_event\1581299344_1_84.png
0	-1	1581299345	62	4	16513214504700	1244	274	3	4	108,97,92	1280	720	1581299345	.\image\object_event\1581299345_-1_58.png
0	-1	1581299345	61	4	16513214504700	565	336	6	2	51,41,42	1280	720	1581299345	.\image\object_event\1581299345_-1_62.png
0	-1	1581299345	65	4	16513214504700	551	334	11	10	156,147,141	1280	720	1581299345	.\image\object_event\1581299345_-1_61.png
0	1	1581299346	85	4	16513214504700	280	10	34	41	235,234,237	1280	720	1581299346	.\image\object_event\1581299345_-1_65.png
0	1	1581299346	86	4	16513214504700	53	617	10	10	146,111,86	1280	720	1581299346	.\image\object_event\1581299346_1_85.png
0	1	1581299346	88	4	16513214504700	1222	306	20	5	80,64,51	1280	720	1581299346	.\image\object_event\1581299346_1_86.png
0	1	1581299346	87	4	16513214504700	40	629	2	9	94,61,52	1280	720	1581299346	.\image\object_event\1581299346_1_88.png
0	-1	1581299346	63	4	16513214504700	558	406	12	10	98,132,73	1280	720	1581299346	.\image\object_event\1581299346_1_87.png
0	-1	1581299346	64	4	16513214504700	568	365	10	5	117,124,119	1280	720	1581299346	.\image\object_event\1581299346_-1_63.png
0	-1	1581299347	68	4	16513214504700	532	275	2	12	112,76,84	1280	720	1581299347	.\image\object_event\1581299346_-1_64.png
0	-1	1581299347	66	4	16513214504700	542	342	6	5	169,163,158	1280	720	1581299347	.\image\object_event\1581299347_-1_68.png
0	-1	1581299347	69	4	16513214504700	1227	301	21	10	141,86,86	1280	720	1581299347	.\image\object_event\1581299347_-1_66.png
0	1	1581299347	90	4	16513214504700	225	316	16	20	74,40,47	1280	720	1581299347	.\image\object_event\1581299347_-1_69.png
0	1	1581299347	89	4	16513214504700	281	321	2	9	70,48,40	1280	720	1581299347	.\image\object_event\1581299347_1_90.png
0	-1	1581299348	70	4	16513214504700	565	352	6	12	40,39,42	1280	720	1581299348	.\image\object_event\1581299347_1_89.png
0	-1	1581299348	71	4	16513214504700	524	370	10	12	83,78,77	1280	720	1581299348	.\image\object_event\1581299348_-1_70.png
0	-1	1581299348	72	4	16513214504700	490	457	10	12	122,153,101	1280	720	1581299348	.\image\object_event\1581299348_-1_71.png
0	-1	1581299348	73	4	16513214504700	460	308	10	10	97,53,43	1280	720	1581299348	.\image\object_event\1581299348_-1_72.png
0	-1	1581299349	75	4	16513214504700	505	305	14	20	122,84,78	1280	720	1581299349	.\image\object_event\1581299348_-1_73.png
0	-1	1581299349	74	4	16513214504700	536	331	6	4	102,89,84	1280	720	1581299349	.\image\object_event\1581299349_-1_75.png
0	-1	1581299349	76	4	16513214504700	445	337	10	10	144,89,74	1280	720	1581299349	.\image\object_event\1581299349_-1_74.png
0	-1	1581299349	77	4	16513214504700	436	488	17	12	179,178,151	1280	720	1581299349	.\image\object_event\1581299349_-1_76.png
0	-1	1581299350	78	4	16513214504700	398	375	11	10	110,73,58	1280	720	1581299350	.\image\object_event\1581299349_-1_77.png
0	-1	1581299350	79	4	16513214504700	368	486	5	15	215,208,188	1280	720	1581299350	.\image\object_event\1581299350_-1_78.png
0	-1	1581299350	80	4	16513214504700	349	426	7	10	189,181,170	1280	720	1581299350	.\image\object_event\1581299350_-1_79.png
0	-1	1581299350	81	4	16513214504700	262	342	10	5	89,79,83	1280	720	1581299350	.\image\object_event\1581299350_-1_80.png
0	1	1581299350	92	4	16513214504700	1222	308	17	5	158,120,122	1280	720	1581299350	.\image\object_event\1581299350_-1_81.png
0	1	1581299351	91	4	16513214504700	234	313	6	2	99,74,73	1280	720	1581299351	.\image\object_event\1581299350_1_92.png
0	-1	1581299351	82	4	16513214504700	1244	272	3	2	74,85,70	1280	720	1581299351	.\image\object_event\1581299351_1_91.png
0	-1	1581299351	83	4	16513214504700	253	455	7	12	89,79,69	1280	720	1581299351	.\image\object_event\1581299351_-1_82.png
0	-1	1581299351	84	4	16513214504700	200	483	8	5	57,44,41	1280	720	1581299351	.\image\object_event\1581299351_-1_83.png
0	-1	1581299351	86	4	16513214504700	53	617	10	10	78,100,59	1280	720	1581299351	.\image\object_event\1581299351_-1_84.png
0	-1	1581299352	88	4	16513214504700	1222	306	20	5	114,73,73	1280	720	1581299352	.\image\object_event\1581299351_-1_86.png
0	-1	1581299352	87	4	16513214504700	40	629	2	9	94,111,73	1280	720	1581299352	.\image\object_event\1581299352_-1_88.png
0	1	1581299352	93	4	16513214504700	235	313	3	4	102,77,74	1280	720	1581299352	.\image\object_event\1581299352_-1_87.png
0	-1	1581299352	89	4	16513214504700	281	321	2	9	119,107,97	1280	720	1581299352	.\image\object_event\1581299352_1_93.png
0	-1	1581299353	92	4	16513214504700	1222	308	17	5	163,123,127	1280	720	1581299353	.\image\object_event\1581299352_-1_89.png
0	-1	1581299353	91	4	16513214504700	234	313	6	2	101,73,75	1280	720	1581299353	.\image\object_event\1581299353_-1_92.png
0	-1	1581299353	90	4	16513214504700	225	316	16	20	74,39,42	1280	720	1581299353	.\image\object_event\1581299353_-1_91.png
0	0	1581299353	85	4	16513214504700	279	10	34	41	235,235,235	1280	720	1581299353	.\image\object_event\1581299353_-1_90.png
0	0	1581299353	24	4	16513214504700	1223	306	55	33	79,84,78	1280	720	1581299353	.\image\object_event\1581299353_0_85.png
4	0	1581299353	67	4	16513214504700	632	334	14	18	241,190,137	1280	720	1581299353	.\image\fire_event\1581299353_0_24.png
0	0	1581299353	93	4	16513214504700	235	313	3	4	113,83,86	1280	720	1581299353	.\image\object_event\1581299353_0_67.png
0	-1	1581299354	93	4	16513214504700	235	313	3	4	115,87,85	1280	720	1581299354	.\image\object_event\1581299353_0_93.png
0	1	1581299354	94	4	16513214504700	1219	306	20	5	107,74,74	1280	720	1581299354	.\image\object_event\1581299354_-1_93.png
0	0	1581299354	85	4	16513214504700	279	12	34	40	233,235,235	1280	720	1581299354	.\image\object_event\1581299354_1_94.png
0	0	1581299354	24	4	16513214504700	1219	306	58	31	73,81,69	1280	720	1581299354	.\image\object_event\1581299354_0_85.png
4	0	1581299354	67	4	16513214504700	628	324	20	25	94,73,58	1280	720	1581299354	.\image\fire_event\1581299354_0_24.png
0	0	1581299354	94	4	16513214504700	1219	306	20	5	107,78,74	1280	720	1581299354	.\image\object_event\1581299354_0_67.png
0	1	1581299354	95	4	16513214504700	1241	333	14	5	108,88,70	1280	720	1581299354	.\image\object_event\1581299354_0_94.png
0	0	1581299354	85	4	16513214504700	279	12	34	40	235,235,235	1280	720	1581299354	.\image\object_event\1581299354_1_95.png
0	0	1581299355	24	4	16513214504700	1219	306	58	31	88,83,80	1280	720	1581299355	.\image\object_event\1581299354_0_85.png
4	0	1581299355	67	4	16513214504700	628	331	21	20	219,150,112	1280	720	1581299355	.\image\fire_event\1581299355_0_24.png
0	0	1581299355	94	4	16513214504700	1219	306	20	5	94,72,66	1280	720	1581299355	.\image\object_event\1581299355_0_67.png
0	0	1581299355	95	4	16513214504700	1241	333	14	5	114,96,75	1280	720	1581299355	.\image\object_event\1581299355_0_94.png
0	0	1581299355	85	4	16513214504700	280	10	33	41	235,235,232	1280	720	1581299355	.\image\object_event\1581299355_0_95.png
0	0	1581299355	24	4	16513214504700	1244	306	34	31	188,168,150	1280	720	1581299355	.\image\object_event\1581299355_0_85.png
4	0	1581299355	67	4	16513214504700	632	331	17	20	208,163,101	1280	720	1581299355	.\image\fire_event\1581299355_0_24.png
0	0	1581299355	95	4	16513214504700	1241	333	14	5	106,79,61	1280	720	1581299355	.\image\object_event\1581299355_0_67.png
0	0	1581299355	94	4	16513214504700	1222	306	17	5	86,66,59	1280	720	1581299355	.\image\object_event\1581299355_0_95.png
0	0	1581299355	85	4	16513214504700	277	10	35	41	236,233,237	1280	720	1581299355	.\image\object_event\1581299355_0_94.png
0	0	1581299355	24	4	16513214504700	1222	306	57	33	76,80,63	1280	720	1581299355	.\image\object_event\1581299355_0_85.png
4	0	1581299355	67	4	16513214504700	632	328	20	23	202,144,111	1280	720	1581299355	.\image\fire_event\1581299355_0_24.png
0	0	1581299355	95	4	16513214504700	1241	333	14	5	99,80,64	1280	720	1581299355	.\image\object_event\1581299355_0_67.png
0	0	1581299356	94	4	16513214504700	1222	306	17	5	101,72,68	1280	720	1581299356	.\image\object_event\1581299355_0_95.png
0	0	1581299356	24	4	16513214504700	1222	306	57	33	76,81,61	1280	720	1581299356	.\image\object_event\1581299356_0_94.png
0	0	1581299356	85	4	16513214504700	279	10	34	41	236,234,235	1280	720	1581299356	.\image\object_event\1581299356_0_24.png
4	0	1581299356	67	4	16513214504700	629	329	20	22	251,218,150	1280	720	1581299356	.\image\fire_event\1581299356_0_85.png
0	0	1581299356	95	4	16513214504700	1241	333	14	5	99,81,62	1280	720	1581299356	.\image\object_event\1581299356_0_67.png
0	0	1581299356	94	4	16513214504700	1222	306	17	5	115,78,77	1280	720	1581299356	.\image\object_event\1581299356_0_95.png
0	0	1581299356	85	4	16513214504700	279	10	34	41	236,234,230	1280	720	1581299356	.\image\object_event\1581299356_0_94.png
0	0	1581299356	24	4	16513214504700	1222	306	57	33	67,85,68	1280	720	1581299356	.\image\object_event\1581299356_0_85.png
4	0	1581299356	67	4	16513214504700	632	321	16	28	222,145,128	1280	720	1581299356	.\image\fire_event\1581299356_0_24.png
0	0	1581299356	95	4	16513214504700	1241	333	14	5	97,84,63	1280	720	1581299356	.\image\object_event\1581299356_0_67.png
0	0	1581299356	94	4	16513214504700	1222	306	17	5	113,72,70	1280	720	1581299356	.\image\object_event\1581299356_0_95.png
0	-1	1581299356	95	4	16513214504700	1241	333	14	5	97,81,68	1280	720	1581299356	.\image\object_event\1581299356_0_94.png
0	0	1581299357	85	4	16513214504700	280	12	34	40	235,235,235	1280	720	1581299357	.\image\object_event\1581299356_-1_95.png
0	0	1581299357	24	4	16513214504700	1219	306	58	31	80,82,77	1280	720	1581299357	.\image\object_event\1581299357_0_85.png
4	0	1581299357	67	4	16513214504700	632	328	25	22	107,56,28	1280	720	1581299357	.\image\fire_event\1581299357_0_24.png
0	0	1581299357	94	4	16513214504700	1222	306	17	5	106,72,68	1280	720	1581299357	.\image\object_event\1581299357_0_67.png
0	0	1581299357	85	4	16513214504700	279	10	34	41	236,234,235	1280	720	1581299357	.\image\object_event\1581299357_0_94.png
4	0	1581299357	67	4	16513214504700	632	319	25	30	161,98,76	1280	720	1581299357	.\image\fire_event\1581299357_0_85.png
0	0	1581299357	24	4	16513214504700	1244	306	34	31	218,184,191	1280	720	1581299357	.\image\object_event\1581299357_0_67.png
0	0	1581299357	94	4	16513214504700	1222	308	16	2	108,81,76	1280	720	1581299357	.\image\object_event\1581299357_0_24.png
0	0	1581299357	85	4	16513214504700	279	10	34	41	236,234,235	1280	720	1581299357	.\image\object_event\1581299357_0_94.png
0	0	1581299357	24	4	16513214504700	1219	306	58	31	74,85,74	1280	720	1581299357	.\image\object_event\1581299357_0_85.png
4	0	1581299357	67	4	16513214504700	632	329	21	22	237,171,123	1280	720	1581299357	.\image\fire_event\1581299357_0_24.png
0	0	1581299357	94	4	16513214504700	1222	308	16	2	112,75,72	1280	720	1581299357	.\image\object_event\1581299357_0_67.png
0	0	1581299358	85	4	16513214504700	279	10	34	41	235,235,235	1280	720	1581299358	.\image\object_event\1581299357_0_94.png
0	0	1581299358	24	4	16513214504700	1241	306	37	31	195,177,156	1280	720	1581299358	.\image\object_event\1581299358_0_85.png
4	0	1581299358	67	4	16513214504700	629	324	28	25	185,114,90	1280	720	1581299358	.\image\fire_event\1581299358_0_24.png
0	0	1581299358	94	4	16513214504700	1222	308	16	2	109,80,74	1280	720	1581299358	.\image\object_event\1581299358_0_67.png
0	0	1581299358	85	4	16513214504700	280	10	33	41	235,235,232	1280	720	1581299358	.\image\object_event\1581299358_0_94.png
4	0	1581299358	67	4	16513214504700	628	308	29	43	210,140,116	1280	720	1581299358	.\image\fire_event\1581299358_0_85.png
0	0	1581299358	24	4	16513214504700	1222	308	57	30	77,87,61	1280	720	1581299358	.\image\object_event\1581299358_0_67.png
0	0	1581299358	94	4	16513214504700	1222	308	16	2	108,79,73	1280	720	1581299358	.\image\object_event\1581299358_0_24.png
0	1	1581299358	96	4	16513214504700	1241	331	14	7	93,72,59	1280	720	1581299358	.\image\object_event\1581299358_0_94.png
0	0	1581299358	85	4	16513214504700	279	12	34	40	235,235,235	1280	720	1581299358	.\image\object_event\1581299358_1_96.png
0	0	1581299358	24	4	16513214504700	1241	308	37	30	219,191,180	1280	720	1581299358	.\image\object_event\1581299358_0_85.png
4	0	1581299359	67	4	16513214504700	628	329	29	22	238,195,146	1280	720	1581299359	.\image\fire_event\1581299358_0_24.png
0	0	1581299359	96	4	16513214504700	1241	331	14	7	87,71,56	1280	720	1581299359	.\image\object_event\1581299359_0_67.png
0	0	1581299359	94	4	16513214504700	1222	308	16	2	118,76,79	1280	720	1581299359	.\image\object_event\1581299359_0_96.png
0	0	1581299359	85	4	16513214504700	279	10	34	41	235,235,235	1280	720	1581299359	.\image\object_event\1581299359_0_94.png
0	0	1581299359	24	4	16513214504700	1241	308	37	30	229,199,184	1280	720	1581299359	.\image\object_event\1581299359_0_85.png
4	0	1581299359	67	4	16513214504700	624	334	28	18	255,181,143	1280	720	1581299359	.\image\fire_event\1581299359_0_24.png
0	0	1581299359	96	4	16513214504700	1241	331	14	7	95,71,45	1280	720	1581299359	.\image\object_event\1581299359_0_67.png
0	0	1581299359	94	4	16513214504700	1222	308	16	2	120,81,78	1280	720	1581299359	.\image\object_event\1581299359_0_96.png
0	0	1581299359	85	4	16513214504700	280	10	34	41	235,235,235	1280	720	1581299359	.\image\object_event\1581299359_0_94.png
0	0	1581299359	24	4	16513214504700	1242	308	35	30	227,201,189	1280	720	1581299359	.\image\object_event\1581299359_0_85.png
4	0	1581299359	67	4	16513214504700	625	331	25	18	102,71,61	1280	720	1581299359	.\image\fire_event\1581299359_0_24.png
0	0	1581299359	96	4	16513214504700	1241	331	14	7	103,86,62	1280	720	1581299359	.\image\object_event\1581299359_0_67.png
0	0	1581299359	94	4	16513214504700	1222	308	16	2	117,78,77	1280	720	1581299359	.\image\object_event\1581299359_0_96.png
0	0	1581299360	85	4	16513214504700	280	10	34	41	235,235,235	1280	720	1581299360	.\image\object_event\1581299359_0_94.png
4	0	1581299360	67	4	16513214504700	629	321	28	30	193,109,74	1280	720	1581299360	.\image\fire_event\1581299360_0_85.png
0	0	1581299360	24	4	16513214504700	1241	308	37	30	214,190,184	1280	720	1581299360	.\image\object_event\1581299360_0_67.png
0	0	1581299360	96	4	16513214504700	1241	331	14	7	101,89,63	1280	720	1581299360	.\image\object_event\1581299360_0_24.png
0	0	1581299360	94	4	16513214504700	1219	308	17	2	89,77,67	1280	720	1581299360	.\image\object_event\1581299360_0_96.png
0	0	1581299360	85	4	16513214504700	280	10	33	41	235,234,237	1280	720	1581299360	.\image\object_event\1581299360_0_94.png
4	0	1581299360	67	4	16513214504700	624	324	29	25	224,149,100	1280	720	1581299360	.\image\fire_event\1581299360_0_85.png
0	0	1581299360	24	4	16513214504700	1259	308	19	15	159,127,111	1280	720	1581299360	.\image\object_event\1581299360_0_67.png
0	0	1581299360	96	4	16513214504700	1241	331	14	5	105,91,64	1280	720	1581299360	.\image\object_event\1581299360_0_24.png
0	0	1581299360	94	4	16513214504700	1219	308	17	2	97,86,71	1280	720	1581299360	.\image\object_event\1581299360_0_96.png
0	0	1581299360	85	4	16513214504700	279	10	34	41	235,234,237	1280	720	1581299360	.\image\object_event\1581299360_0_94.png
0	0	1581299360	24	4	16513214504700	1241	306	37	30	224,210,196	1280	720	1581299360	.\image\object_event\1581299360_0_85.png
4	0	1581299361	67	4	16513214504700	632	328	24	23	179,95,82	1280	720	1581299361	.\image\fire_event\1581299360_0_24.png
0	0	1581299361	96	4	16513214504700	1241	331	14	5	94,85,56	1280	720	1581299361	.\image\object_event\1581299361_0_67.png
0	0	1581299361	94	4	16513214504700	1219	308	17	2	96,85,66	1280	720	1581299361	.\image\object_event\1581299361_0_96.png
0	0	1581299361	85	4	16513214504700	279	10	34	41	235,235,235	1280	720	1581299361	.\image\object_event\1581299361_0_94.png
4	0	1581299361	67	4	16513214504700	624	324	28	28	255,193,167	1280	720	1581299361	.\image\fire_event\1581299361_0_85.png
0	0	1581299361	24	4	16513214504700	1259	306	19	20	202,171,163	1280	720	1581299361	.\image\object_event\1581299361_0_67.png
0	0	1581299361	96	4	16513214504700	1241	329	15	9	97,79,58	1280	720	1581299361	.\image\object_event\1581299361_0_24.png
0	0	1581299361	94	4	16513214504700	1219	308	17	5	133,110,109	1280	720	1581299361	.\image\object_event\1581299361_0_96.png
0	0	1581299361	85	4	16513214504700	280	10	33	41	235,235,235	1280	720	1581299361	.\image\object_event\1581299361_0_94.png
0	0	1581299361	24	4	16513214504700	1241	306	37	30	218,199,203	1280	720	1581299361	.\image\object_event\1581299361_0_85.png
4	0	1581299361	67	4	16513214504700	628	329	24	22	133,68,47	1280	720	1581299361	.\image\fire_event\1581299361_0_24.png
0	0	1581299361	96	4	16513214504700	1241	329	15	9	96,77,54	1280	720	1581299361	.\image\object_event\1581299361_0_67.png
0	0	1581299362	94	4	16513214504700	1219	308	17	5	134,100,98	1280	720	1581299362	.\image\object_event\1581299361_0_96.png
0	0	1581299362	85	4	16513214504700	280	12	34	40	235,235,235	1280	720	1581299362	.\image\object_event\1581299362_0_94.png
0	0	1581299362	24	4	16513214504700	1259	306	19	23	158,120,124	1280	720	1581299362	.\image\object_event\1581299362_0_85.png
4	0	1581299362	67	4	16513214504700	628	334	24	18	220,136,103	1280	720	1581299362	.\image\fire_event\1581299362_0_24.png
0	0	1581299362	96	4	16513214504700	1241	331	14	5	92,78,53	1280	720	1581299362	.\image\object_event\1581299362_0_67.png
0	0	1581299362	94	4	16513214504700	1219	308	17	5	136,98,102	1280	720	1581299362	.\image\object_event\1581299362_0_96.png
0	0	1581299362	85	4	16513214504700	279	10	34	41	235,235,235	1280	720	1581299362	.\image\object_event\1581299362_0_94.png
4	0	1581299362	67	4	16513214504700	625	329	25	20	189,113,100	1280	720	1581299362	.\image\fire_event\1581299362_0_85.png
0	0	1581299362	24	4	16513214504700	1259	306	19	23	160,115,121	1280	720	1581299362	.\image\object_event\1581299362_0_67.png
0	0	1581299362	96	4	16513214504700	1242	331	15	5	87,74,53	1280	720	1581299362	.\image\object_event\1581299362_0_24.png
0	0	1581299362	94	4	16513214504700	1219	308	17	5	129,105,97	1280	720	1581299362	.\image\object_event\1581299362_0_96.png
0	1	1581299362	97	4	16513214504700	221	329	3	4	40,26,12	1280	720	1581299362	.\image\object_event\1581299362_0_94.png
0	0	1581299362	85	4	16513214504700	279	10	34	41	235,235,235	1280	720	1581299362	.\image\object_event\1581299362_1_97.png
4	0	1581299363	67	4	16513214504700	625	331	28	20	228,131,96	1280	720	1581299363	.\image\fire_event\1581299362_0_85.png
0	0	1581299363	24	4	16513214504700	1263	310	16	18	92,68,62	1280	720	1581299363	.\image\object_event\1581299363_0_67.png
0	0	1581299363	97	4	16513214504700	221	316	11	18	69,48,35	1280	720	1581299363	.\image\object_event\1581299363_0_24.png
0	0	1581299363	96	4	16513214504700	1241	331	11	5	130,115,95	1280	720	1581299363	.\image\object_event\1581299363_0_97.png
0	0	1581299363	94	4	16513214504700	1219	308	17	5	144,110,108	1280	720	1581299363	.\image\object_event\1581299363_0_96.png
0	-1	1581299363	94	4	16513214504700	1219	306	20	5	123,82,80	1280	720	1581299363	.\image\object_event\1581299363_0_94.png
0	0	1581299363	85	4	16513214504700	279	12	34	40	235,235,232	1280	720	1581299363	.\image\object_event\1581299363_-1_94.png
4	0	1581299363	67	4	16513214504700	622	329	24	22	241,150,106	1280	720	1581299363	.\image\fire_event\1581299363_0_85.png
0	0	1581299363	24	4	16513214504700	1263	308	16	20	84,61,60	1280	720	1581299363	.\image\object_event\1581299363_0_67.png
0	0	1581299363	97	4	16513214504700	221	313	14	20	86,63,50	1280	720	1581299363	.\image\object_event\1581299363_0_24.png
0	0	1581299363	96	4	16513214504700	1241	331	6	4	100,86,70	1280	720	1581299363	.\image\object_event\1581299363_0_97.png
0	0	1581299363	85	4	16513214504700	280	10	34	41	235,235,235	1280	720	1581299363	.\image\object_event\1581299363_0_96.png
4	0	1581299363	67	4	16513214504700	620	331	25	20	144,69,40	1280	720	1581299363	.\image\fire_event\1581299363_0_85.png
0	0	1581299364	24	4	16513214504700	1262	308	16	20	86,64,69	1280	720	1581299364	.\image\object_event\1581299363_0_67.png
0	0	1581299364	97	4	16513214504700	224	313	11	27	83,56,49	1280	720	1581299364	.\image\object_event\1581299364_0_24.png
0	0	1581299364	96	4	16513214504700	1241	331	11	5	110,99,80	1280	720	1581299364	.\image\object_event\1581299364_0_97.png
0	0	1581299364	85	4	16513214504700	280	10	34	41	235,235,230	1280	720	1581299364	.\image\object_event\1581299364_0_96.png
4	0	1581299364	67	4	16513214504700	625	326	21	25	138,95,46	1280	720	1581299364	.\image\fire_event\1581299364_0_85.png
0	0	1581299364	24	4	16513214504700	1268	311	10	18	72,57,46	1280	720	1581299364	.\image\object_event\1581299364_0_67.png
0	0	1581299364	97	4	16513214504700	226	321	7	10	92,63,59	1280	720	1581299364	.\image\object_event\1581299364_0_24.png
0	0	1581299364	96	4	16513214504700	1241	331	11	5	119,103,86	1280	720	1581299364	.\image\object_event\1581299364_0_97.png
0	0	1581299364	85	4	16513214504700	279	12	34	40	235,235,232	1280	720	1581299364	.\image\object_event\1581299364_0_96.png
4	0	1581299364	67	4	16513214504700	624	319	28	31	123,65,51	1280	720	1581299364	.\image\fire_event\1581299364_0_85.png
0	0	1581299364	24	4	16513214504700	1268	310	11	20	67,56,41	1280	720	1581299364	.\image\object_event\1581299364_0_67.png
0	0	1581299364	96	4	16513214504700	1241	331	15	5	80,71,44	1280	720	1581299364	.\image\object_event\1581299364_0_24.png
0	0	1581299364	97	4	16513214504700	224	326	7	7	76,55,42	1280	720	1581299364	.\image\object_event\1581299364_0_96.png
0	0	1581299365	85	4	16513214504700	279	12	34	40	235,235,232	1280	720	1581299365	.\image\object_event\1581299364_0_97.png
4	0	1581299365	67	4	16513214504700	629	324	28	25	202,119,79	1280	720	1581299365	.\image\fire_event\1581299365_0_85.png
0	0	1581299365	24	4	16513214504700	1260	308	17	20	238,214,218	1280	720	1581299365	.\image\object_event\1581299365_0_67.png
0	0	1581299365	96	4	16513214504700	1241	331	15	5	74,66,42	1280	720	1581299365	.\image\object_event\1581299365_0_24.png
0	0	1581299365	97	4	16513214504700	224	326	10	7	84,58,46	1280	720	1581299365	.\image\object_event\1581299365_0_96.png
0	0	1581299365	85	4	16513214504700	280	10	34	41	235,235,235	1280	720	1581299365	.\image\object_event\1581299365_0_97.png
4	0	1581299365	67	4	16513214504700	632	329	25	20	173,110,57	1280	720	1581299365	.\image\fire_event\1581299365_0_85.png
0	0	1581299365	24	4	16513214504700	1265	311	12	17	85,64,62	1280	720	1581299365	.\image\object_event\1581299365_0_67.png
0	0	1581299365	97	4	16513214504700	224	326	10	7	81,56,53	1280	720	1581299365	.\image\object_event\1581299365_0_24.png
0	0	1581299365	96	4	16513214504700	1241	334	10	2	104,78,66	1280	720	1581299365	.\image\object_event\1581299365_0_97.png
0	0	1581299365	85	4	16513214504700	280	10	34	41	235,235,235	1280	720	1581299365	.\image\object_event\1581299365_0_96.png
4	0	1581299365	67	4	16513214504700	632	326	25	23	251,196,155	1280	720	1581299365	.\image\fire_event\1581299365_0_85.png
0	0	1581299365	24	4	16513214504700	1265	319	12	9	88,58,57	1280	720	1581299365	.\image\object_event\1581299365_0_67.png
0	0	1581299366	97	4	16513214504700	226	319	6	18	85,55,54	1280	720	1581299366	.\image\object_event\1581299365_0_24.png
0	0	1581299366	96	4	16513214504700	1241	334	10	2	98,75,64	1280	720	1581299366	.\image\object_event\1581299366_0_97.png
0	0	1581299366	85	4	16513214504700	280	10	34	41	235,235,235	1280	720	1581299366	.\image\object_event\1581299366_0_96.png
4	0	1581299366	67	4	16513214504700	629	326	28	25	115,62,37	1280	720	1581299366	.\image\fire_event\1581299366_0_85.png
0	0	1581299366	24	4	16513214504700	1268	310	10	20	69,57,47	1280	720	1581299366	.\image\object_event\1581299366_0_67.png
0	0	1581299366	97	4	16513214504700	226	321	6	15	91,61,62	1280	720	1581299366	.\image\object_event\1581299366_0_24.png
0	0	1581299366	96	4	16513214504700	1242	334	8	2	102,81,66	1280	720	1581299366	.\image\object_event\1581299366_0_97.png
0	0	1581299366	85	4	16513214504700	280	10	34	41	235,235,235	1280	720	1581299366	.\image\object_event\1581299366_0_96.png
4	0	1581299366	67	4	16513214504700	632	331	20	20	181,114,87	1280	720	1581299366	.\image\fire_event\1581299366_0_85.png
0	0	1581299366	24	4	16513214504700	1269	319	8	10	94,65,59	1280	720	1581299366	.\image\object_event\1581299366_0_67.png
0	0	1581299366	97	4	16513214504700	226	316	6	15	87,59,50	1280	720	1581299366	.\image\object_event\1581299366_0_24.png
0	0	1581299366	96	4	16513214504700	1242	334	8	2	108,94,78	1280	720	1581299366	.\image\object_event\1581299366_0_97.png
0	0	1581299367	85	4	16513214504700	280	10	34	41	235,234,237	1280	720	1581299367	.\image\object_event\1581299366_0_96.png
4	0	1581299367	67	4	16513214504700	632	329	25	20	188,118,92	1280	720	1581299367	.\image\fire_event\1581299367_0_85.png
0	0	1581299367	24	4	16513214504700	1260	308	17	20	230,206,215	1280	720	1581299367	.\image\object_event\1581299367_0_67.png
0	0	1581299367	96	4	16513214504700	1244	329	10	7	110,84,74	1280	720	1581299367	.\image\object_event\1581299367_0_24.png
0	0	1581299367	97	4	16513214504700	226	321	3	20	72,52,45	1280	720	1581299367	.\image\object_event\1581299367_0_96.png
0	0	1581299367	85	4	16513214504700	280	10	34	41	235,234,237	1280	720	1581299367	.\image\object_event\1581299367_0_97.png
4	0	1581299367	67	4	16513214504700	632	328	28	23	183,112,70	1280	720	1581299367	.\image\fire_event\1581299367_0_85.png
0	0	1581299367	24	4	16513214504700	1258	310	20	18	189,159,174	1280	720	1581299367	.\image\object_event\1581299367_0_67.png
0	0	1581299367	97	4	16513214504700	226	319	3	22	76,56,47	1280	720	1581299367	.\image\object_event\1581299367_0_24.png
0	0	1581299367	96	4	16513214504700	1244	329	6	5	87,73,59	1280	720	1581299367	.\image\object_event\1581299367_0_97.png
0	0	1581299367	85	4	16513214504700	280	10	34	41	235,234,237	1280	720	1581299367	.\image\object_event\1581299367_0_96.png
4	0	1581299367	67	4	16513214504700	628	319	33	30	79,49,52	1280	720	1581299367	.\image\fire_event\1581299367_0_85.png
0	0	1581299367	24	4	16513214504700	1265	310	12	18	71,52,59	1280	720	1581299367	.\image\object_event\1581299367_0_67.png
0	0	1581299368	97	4	16513214504700	226	316	6	22	93,62,54	1280	720	1581299368	.\image\object_event\1581299367_0_24.png
0	0	1581299368	96	4	16513214504700	1244	329	6	5	84,70,54	1280	720	1581299368	.\image\object_event\1581299368_0_97.png
0	-1	1581299368	85	4	16513214504700	280	10	34	41	235,235,235	1280	720	1581299368	.\image\object_event\1581299368_0_96.png
4	0	1581299368	67	4	16513214504700	629	326	29	25	112,54,58	1280	720	1581299368	.\image\fire_event\1581299368_-1_85.png
0	0	1581299368	24	4	16513214504700	1265	310	12	20	71,53,52	1280	720	1581299368	.\image\object_event\1581299368_0_67.png
0	0	1581299368	96	4	16513214504700	1241	331	15	4	86,72,47	1280	720	1581299368	.\image\object_event\1581299368_0_24.png
0	0	1581299368	97	4	16513214504700	226	318	6	15	92,65,58	1280	720	1581299368	.\image\object_event\1581299368_0_96.png
0	0	1581299368	24	4	16513214504700	1259	308	20	18	166,152,154	1280	720	1581299368	.\image\object_event\1581299368_0_97.png
4	0	1581299368	67	4	16513214504700	629	336	28	15	222,168,109	1280	720	1581299368	.\image\fire_event\1581299368_0_24.png
0	0	1581299368	97	4	16513214504700	226	318	6	15	88,65,54	1280	720	1581299368	.\image\object_event\1581299368_0_67.png
0	0	1581299368	96	4	16513214504700	1241	331	10	4	99,85,69	1280	720	1581299368	.\image\object_event\1581299368_0_97.png
4	0	1581299368	67	4	16513214504700	629	324	28	28	231,200,122	1280	720	1581299368	.\image\fire_event\1581299368_0_96.png
0	0	1581299369	24	4	16513214504700	1265	310	12	17	73,55,64	1280	720	1581299369	.\image\object_event\1581299368_0_67.png
0	0	1581299369	97	4	16513214504700	226	316	6	18	85,61,55	1280	720	1581299369	.\image\object_event\1581299369_0_24.png
0	0	1581299369	96	4	16513214504700	1241	331	11	4	99,86,65	1280	720	1581299369	.\image\object_event\1581299369_0_97.png
4	0	1581299369	67	4	16513214504700	624	311	34	38	174,94,60	1280	720	1581299369	.\image\fire_event\1581299369_0_96.png
0	0	1581299369	24	4	16513214504700	1268	310	10	15	69,58,53	1280	720	1581299369	.\image\object_event\1581299369_0_67.png
0	0	1581299369	97	4	16513214504700	226	318	6	23	76,52,46	1280	720	1581299369	.\image\object_event\1581299369_0_24.png
0	0	1581299369	96	4	16513214504700	1241	331	11	2	119,105,91	1280	720	1581299369	.\image\object_event\1581299369_0_97.png
4	0	1581299369	67	4	16513214504700	625	308	32	43	223,155,110	1280	720	1581299369	.\image\fire_event\1581299369_0_96.png
0	0	1581299369	24	4	16513214504700	1268	311	10	12	76,60,58	1280	720	1581299369	.\image\object_event\1581299369_0_67.png
0	0	1581299369	97	4	16513214504700	226	316	6	13	77,51,39	1280	720	1581299369	.\image\object_event\1581299369_0_24.png
0	0	1581299369	96	4	16513214504700	1241	331	11	2	117,98,82	1280	720	1581299369	.\image\object_event\1581299369_0_97.png
4	0	1581299369	67	4	16513214504700	624	316	32	36	210,113,78	1280	720	1581299369	.\image\fire_event\1581299369_0_96.png
0	0	1581299370	24	4	16513214504700	1268	311	10	15	82,67,58	1280	720	1581299370	.\image\object_event\1581299369_0_67.png
0	0	1581299370	97	4	16513214504700	226	313	10	17	86,46,48	1280	720	1581299370	.\image\object_event\1581299370_0_24.png
0	0	1581299370	96	4	16513214504700	1241	331	11	2	111,93,72	1280	720	1581299370	.\image\object_event\1581299370_0_97.png
4	0	1581299370	67	4	16513214504700	629	319	28	31	246,168,122	1280	720	1581299370	.\image\fire_event\1581299370_0_96.png
0	0	1581299370	24	4	16513214504700	1268	321	10	4	107,81,71	1280	720	1581299370	.\image\object_event\1581299370_0_67.png
0	0	1581299370	96	4	16513214504700	1241	331	11	2	112,97,77	1280	720	1581299370	.\image\object_event\1581299370_0_24.png
0	0	1581299370	97	4	16513214504700	224	326	7	7	70,44,32	1280	720	1581299370	.\image\object_event\1581299370_0_96.png
4	0	1581299370	67	4	16513214504700	624	313	33	38	97,27,1	1280	720	1581299370	.\image\fire_event\1581299370_0_97.png
0	0	1581299370	24	4	16513214504700	1268	321	10	4	99,70,66	1280	720	1581299370	.\image\object_event\1581299370_0_67.png
0	0	1581299370	96	4	16513214504700	1241	331	11	2	109,93,76	1280	720	1581299370	.\image\object_event\1581299370_0_24.png
0	0	1581299370	97	4	16513214504700	224	326	7	7	66,45,34	1280	720	1581299370	.\image\object_event\1581299370_0_96.png
4	0	1581299370	67	4	16513214504700	633	334	25	18	178,132,73	1280	720	1581299370	.\image\fire_event\1581299370_0_97.png
0	0	1581299370	24	4	16513214504700	1268	321	10	4	97,76,65	1280	720	1581299370	.\image\object_event\1581299370_0_67.png
0	0	1581299371	96	4	16513214504700	1241	331	11	2	113,97,82	1280	720	1581299371	.\image\object_event\1581299370_0_24.png
0	0	1581299371	97	4	16513214504700	224	326	7	7	77,52,49	1280	720	1581299371	.\image\object_event\1581299371_0_96.png
0	-1	1581299371	96	4	16513214504700	1241	331	14	7	96,67,45	1280	720	1581299371	.\image\object_event\1581299371_0_97.png
4	0	1581299371	67	4	16513214504700	633	328	24	22	251,220,156	1280	720	1581299371	.\image\fire_event\1581299371_-1_96.png
0	0	1581299371	24	4	16513214504700	1268	321	10	4	96,77,65	1280	720	1581299371	.\image\object_event\1581299371_0_67.png
0	0	1581299371	97	4	16513214504700	224	326	7	7	78,54,46	1280	720	1581299371	.\image\object_event\1581299371_0_24.png
4	0	1581299371	67	4	16513214504700	629	329	28	20	178,138,84	1280	720	1581299371	.\image\fire_event\1581299371_0_97.png
0	0	1581299371	24	4	16513214504700	1268	321	10	4	94,77,67	1280	720	1581299371	.\image\object_event\1581299371_0_67.png
0	0	1581299371	97	4	16513214504700	224	326	7	7	69,52,44	1280	720	1581299371	.\image\object_event\1581299371_0_24.png
0	-1	1581299371	24	4	16513214504700	1269	316	8	10	94,84,72	1280	720	1581299371	.\image\object_event\1581299371_0_97.png
0	-1	1581299371	97	4	16513214504700	221	329	3	4	45,29,25	1280	720	1581299371	.\image\object_event\1581299371_-1_24.png
4	0	1581299372	67	4	16513214504700	629	328	28	22	215,119,77	1280	720	1581299372	.\image\fire_event\1581299371_-1_97.png
4	0	1581299372	67	4	16513214504700	632	319	25	30	216,150,116	1280	720	1581299372	.\image\fire_event\1581299372_0_67.png
4	0	1581299372	67	4	16513214504700	632	319	21	31	85,56,61	1280	720	1581299372	.\image\fire_event\1581299372_0_67.png
4	0	1581299372	67	4	16513214504700	632	321	24	30	145,92,96	1280	720	1581299372	.\image\fire_event\1581299372_0_67.png
4	0	1581299372	67	4	16513214504700	633	326	24	23	130,81,72	1280	720	1581299372	.\image\fire_event\1581299372_0_67.png
4	0	1581299372	67	4	16513214504700	632	331	24	20	232,168,104	1280	720	1581299372	.\image\fire_event\1581299372_0_67.png
4	0	1581299372	67	4	16513214504700	633	328	21	23	243,192,155	1280	720	1581299372	.\image\fire_event\1581299372_0_67.png
4	0	1581299372	67	4	16513214504700	632	329	25	22	219,177,112	1280	720	1581299372	.\image\fire_event\1581299372_0_67.png
4	0	1581299372	67	4	16513214504700	632	328	25	22	193,89,65	1280	720	1581299372	.\image\fire_event\1581299372_0_67.png
4	0	1581299372	67	4	16513214504700	632	331	25	20	114,58,52	1280	720	1581299372	.\image\fire_event\1581299372_0_67.png
4	0	1581299373	67	4	16513214504700	632	331	28	18	126,58,56	1280	720	1581299373	.\image\fire_event\1581299372_0_67.png
4	0	1581299373	67	4	16513214504700	632	334	25	15	108,51,52	1280	720	1581299373	.\image\fire_event\1581299373_0_67.png
4	0	1581299373	67	4	16513214504700	633	329	25	22	129,71,59	1280	720	1581299373	.\image\fire_event\1581299373_0_67.png
4	0	1581299373	67	4	16513214504700	632	329	28	22	101,49,46	1280	720	1581299373	.\image\fire_event\1581299373_0_67.png
4	0	1581299373	67	4	16513214504700	632	336	25	13	115,48,37	1280	720	1581299373	.\image\fire_event\1581299373_0_67.png
4	0	1581299373	67	4	16513214504700	636	328	24	23	110,55,42	1280	720	1581299373	.\image\fire_event\1581299373_0_67.png
4	0	1581299373	67	4	16513214504700	636	326	24	23	114,63,53	1280	720	1581299373	.\image\fire_event\1581299373_0_67.png
4	0	1581299373	67	4	16513214504700	640	328	20	22	201,147,109	1280	720	1581299373	.\image\fire_event\1581299373_0_67.png
4	0	1581299373	67	4	16513214504700	636	328	24	22	119,61,39	1280	720	1581299373	.\image\fire_event\1581299373_0_67.png
4	0	1581299373	67	4	16513214504700	637	319	23	30	142,99,82	1280	720	1581299373	.\image\fire_event\1581299373_0_67.png
4	0	1581299373	67	4	16513214504700	633	324	25	28	102,43,26	1280	720	1581299373	.\image\fire_event\1581299373_0_67.png
4	0	1581299374	67	4	16513214504700	632	329	28	20	194,97,77	1280	720	1581299374	.\image\fire_event\1581299373_0_67.png
4	0	1581299374	67	4	16513214504700	632	324	28	28	255,204,159	1280	720	1581299374	.\image\fire_event\1581299374_0_67.png
4	0	1581299374	67	4	16513214504700	633	326	28	25	154,75,52	1280	720	1581299374	.\image\fire_event\1581299374_0_67.png
4	0	1581299374	67	4	16513214504700	636	318	24	31	111,49,20	1280	720	1581299374	.\image\fire_event\1581299374_0_67.png
4	0	1581299374	67	4	16513214504700	633	328	25	22	213,132,100	1280	720	1581299374	.\image\fire_event\1581299374_0_67.png
4	0	1581299374	67	4	16513214504700	636	324	24	25	118,52,47	1280	720	1581299374	.\image\fire_event\1581299374_0_67.png
4	0	1581299374	67	4	16513214504700	632	334	25	18	238,159,97	1280	720	1581299374	.\image\fire_event\1581299374_0_67.png
4	0	1581299374	67	4	16513214504700	633	328	29	22	253,206,145	1280	720	1581299374	.\image\fire_event\1581299374_0_67.png
4	0	1581299374	67	4	16513214504700	632	319	25	31	230,140,96	1280	720	1581299374	.\image\fire_event\1581299374_0_67.png
4	0	1581299374	67	4	16513214504700	633	311	24	40	80,58,63	1280	720	1581299374	.\image\fire_event\1581299374_0_67.png
4	0	1581299375	67	4	16513214504700	633	328	25	23	170,114,67	1280	720	1581299375	.\image\fire_event\1581299374_0_67.png
4	0	1581299375	67	4	16513214504700	632	336	25	15	169,132,63	1280	720	1581299375	.\image\fire_event\1581299375_0_67.png
4	0	1581299375	67	4	16513214504700	632	328	25	23	137,78,59	1280	720	1581299375	.\image\fire_event\1581299375_0_67.png
4	0	1581299375	67	4	16513214504700	632	336	20	15	252,216,165	1280	720	1581299375	.\image\fire_event\1581299375_0_67.png
4	0	1581299375	67	4	16513214504700	629	331	25	20	231,170,109	1280	720	1581299375	.\image\fire_event\1581299375_0_67.png
4	0	1581299375	67	4	16513214504700	629	329	24	22	234,176,123	1280	720	1581299375	.\image\fire_event\1581299375_0_67.png
4	0	1581299375	67	4	16513214504700	628	329	24	22	121,41,9	1280	720	1581299375	.\image\fire_event\1581299375_0_67.png
4	0	1581299376	67	4	16513214504700	625	321	32	30	207,139,101	1280	720	1581299376	.\image\fire_event\1581299375_0_67.png
4	0	1581299376	67	4	16513214504700	632	326	25	25	228,153,124	1280	720	1581299376	.\image\fire_event\1581299376_0_67.png
4	0	1581299376	67	4	16513214504700	628	321	25	30	182,101,74	1280	720	1581299376	.\image\fire_event\1581299376_0_67.png
4	0	1581299376	67	4	16513214504700	625	329	24	22	106,37,22	1280	720	1581299376	.\image\fire_event\1581299376_0_67.png
4	0	1581299376	67	4	16513214504700	627	324	30	28	227,176,100	1280	720	1581299376	.\image\fire_event\1581299376_0_67.png
4	0	1581299377	67	4	16513214504700	624	318	33	33	255,210,164	1280	720	1581299377	.\image\fire_event\1581299376_0_67.png
4	0	1581299377	67	4	16513214504700	628	313	29	36	122,70,78	1280	720	1581299377	.\image\fire_event\1581299377_0_67.png
4	0	1581299377	67	4	16513214504700	624	328	33	23	117,62,62	1280	720	1581299377	.\image\fire_event\1581299377_0_67.png
4	0	1581299377	67	4	16513214504700	622	319	34	31	152,83,70	1280	720	1581299377	.\image\fire_event\1581299377_0_67.png
0	1	1581299378	98	4	16513214504700	647	259	2	12	105,77,77	1280	720	1581299378	.\image\object_event\1581299377_0_67.png
4	0	1581299378	67	4	16513214504700	623	324	25	28	255,222,165	1280	720	1581299378	.\image\fire_event\1581299378_1_98.png
0	0	1581299378	98	4	16513214504700	647	259	2	12	97,72,73	1280	720	1581299378	.\image\object_event\1581299378_0_67.png
4	0	1581299378	67	4	16513214504700	620	321	26	30	173,126,117	1280	720	1581299378	.\image\fire_event\1581299378_0_98.png
0	0	1581299378	98	4	16513214504700	647	259	2	12	90,68,71	1280	720	1581299378	.\image\object_event\1581299378_0_67.png
4	0	1581299378	67	4	16513214504700	620	324	37	28	74,42,37	1280	720	1581299378	.\image\fire_event\1581299378_0_98.png
0	0	1581299378	98	4	16513214504700	647	259	2	12	97,80,81	1280	720	1581299378	.\image\object_event\1581299378_0_67.png
4	0	1581299379	67	4	16513214504700	620	326	29	25	222,166,117	1280	720	1581299379	.\image\fire_event\1581299378_0_98.png
0	0	1581299379	98	4	16513214504700	647	259	2	12	90,73,74	1280	720	1581299379	.\image\object_event\1581299379_0_67.png
4	0	1581299379	67	4	16513214504700	619	328	28	23	67,27,18	1280	720	1581299379	.\image\fire_event\1581299379_0_98.png
0	0	1581299379	98	4	16513214504700	647	259	2	12	89,72,73	1280	720	1581299379	.\image\object_event\1581299379_0_67.png
0	-1	1581299379	98	4	16513214504700	647	259	2	12	92,75,81	1280	720	1581299379	.\image\object_event\1581299379_0_98.png
4	0	1581299379	67	4	16513214504700	611	311	43	38	61,43,52	1280	720	1581299379	.\image\fire_event\1581299379_-1_98.png
4	0	1581299379	67	4	16513214504700	613	321	43	28	52,33,35	1280	720	1581299379	.\image\fire_event\1581299379_0_67.png
4	0	1581299380	67	4	16513214504700	615	326	39	25	55,36,43	1280	720	1581299380	.\image\fire_event\1581299379_0_67.png
4	0	1581299380	67	4	16513214504700	614	319	40	30	48,33,43	1280	720	1581299380	.\image\fire_event\1581299380_0_67.png
4	0	1581299380	67	4	16513214504700	616	323	40	28	121,72,63	1280	720	1581299380	.\image\fire_event\1581299380_0_67.png
4	0	1581299380	67	4	16513214504700	615	326	39	25	219,122,69	1280	720	1581299380	.\image\fire_event\1581299380_0_67.png
4	0	1581299381	67	4	16513214504700	615	326	39	25	190,89,44	1280	720	1581299381	.\image\fire_event\1581299380_0_67.png
4	0	1581299381	67	4	16513214504700	616	329	38	20	160,94,62	1280	720	1581299381	.\image\fire_event\1581299381_0_67.png
4	0	1581299381	67	4	16513214504700	616	321	40	30	255,199,160	1280	720	1581299381	.\image\fire_event\1581299381_0_67.png
4	0	1581299381	67	4	16513214504700	615	329	42	22	45,17,15	1280	720	1581299381	.\image\fire_event\1581299381_0_67.png
